0 0 0 6 5 7 1 2 0 4 3
12 1 11 6 5 7 1 2 4 0 3
12 2 10 6 5 7 1 2 4 3 0
13 5 8 0 5 7 1 2 4 3 6
12 7 5 1 5 7 0 2 4 3 6
12 8 4 1 5 0 7 2 4 3 6
12 9 3 1 5 3 7 2 4 0 6
12 9 3 1 0 5 7 2 4 3 6
12 10 2 1 5 3 7 2 4 6 0
14 1 13 6 0 7 1 2 5 4 3
14 1 13 6 5 7 1 0 2 4 3
14 2 12 6 5 0 1 2 4 7 3
14 3 11 6 5 7 0 2 4 3 1
14 8 6 1 5 7 6 2 4 3 0
14 10 4 1 5 3 7 2 0 4 6
14 10 4 1 4 5 7 2 0 3 6
14 10 4 0 1 5 7 2 4 3 6
14 11 3 1 5 3 0 2 4 6 7
14 2 12 0 6 7 1 2 5 4 3
13 4 9 1 6 7 0 2 5 4 3
13 5 8 1 6 7 3 2 5 4 0
13 5 8 1 6 0 7 2 5 4 3
13 6 7 1 6 7 3 2 5 0 4
13 6 7 1 0 6 7 2 5 4 3
13 7 6 1 6 0 3 2 5 7 4
13 7 6 1 5 6 7 2 0 4 3
13 8 5 1 6 3 0 2 5 7 4
13 8 5 1 5 6 7 2 4 0 3
13 9 4 1 6 3 4 2 5 7 0
13 9 4 1 5 0 7 2 4 6 3
13 9 4 1 5 6 7 2 4 3 0
13 10 3 1 0 5 7 2 4 6 3
14 2 12 0 5 7 1 6 2 4 3
13 4 9 1 5 7 0 6 2 4 3
13 5 8 1 5 7 3 6 2 4 0
13 5 8 1 5 0 7 6 2 4 3
13 6 7 1 5 7 3 6 2 0 4
13 6 7 1 0 5 7 6 2 4 3
13 7 6 1 5 0 3 6 2 7 4
13 8 5 1 5 3 0 6 2 7 4
13 9 4 1 5 3 4 6 2 7 0
14 3 11 6 0 5 1 2 4 7 3
14 3 11 6 5 1 0 2 4 7 3
14 4 10 6 5 0 7 2 4 3 1
14 11 3 1 4 5 7 2 3 0 6
14 3 11 2 6 7 1 0 5 4 3
14 7 7 1 6 7 4 2 5 0 3
14 3 11 5 0 7 1 6 2 4 3
14 7 7 1 5 7 4 6 2 0 3
14 7 7 1 5 7 3 0 2 4 6
14 4 10 0 6 5 1 2 4 7 3
13 6 7 1 6 5 0 2 4 7 3
13 7 6 1 6 5 3 2 4 7 0
13 8 5 1 6 5 3 2 4 0 7
14 4 10 6 5 1 3 2 4 7 0
14 5 9 6 5 3 7 2 4 0 1
14 5 9 6 0 5 7 2 4 3 1
14 12 2 1 4 5 7 2 3 6 0
14 4 10 2 6 7 1 5 0 4 3
14 8 6 1 6 0 4 2 5 7 3
14 8 6 1 6 7 4 2 5 3 0
14 4 10 5 2 7 1 6 0 4 3
14 8 6 1 5 0 4 6 2 7 3
14 8 6 1 5 7 4 6 2 3 0
14 8 6 1 5 7 3 2 0 4 6
14 9 5 1 6 5 7 2 4 0 3
14 5 9 6 5 1 3 2 4 0 7
14 6 8 6 5 3 7 2 4 1 0
14 6 8 0 6 5 7 2 4 3 1
13 9 4 1 6 5 7 2 4 3 0
14 5 9 2 0 7 1 5 6 4 3
14 5 9 5 2 7 1 0 6 4 3
14 9 5 1 5 7 3 2 4 0 6
14 6 8 0 2 7 1 5 6 4 3
13 8 5 1 2 7 0 5 6 4 3
13 9 4 1 2 7 3 5 6 4 0
13 10 3 1 2 7 3 5 6 0 4
13 11 2 1 2 0 3 5 6 7 4
13 12 1 1 2 3 0 5 6 7 4
