0 0 0 6 5 7 1 2 0 4 3
9 1 8 6 5 7 1 2 4 0 3
9 2 7 6 5 7 1 2 4 3 0
11 1 10 6 5 7 1 0 2 4 3
12 1 11 6 0 7 1 2 5 4 3
12 2 10 6 5 0 1 2 4 7 3
12 3 9 6 5 7 0 2 4 3 1
12 2 10 0 5 7 1 6 2 4 3
12 3 9 6 5 7 1 3 2 4 0
12 3 9 6 0 5 1 2 4 7 3
12 3 9 6 5 1 0 2 4 7 3
11 4 7 6 5 1 3 2 4 7 0
12 4 8 1 5 7 0 6 2 4 3
11 5 6 1 5 7 3 6 2 4 0
12 5 7 3 5 7 1 6 2 4 0
12 5 7 6 5 1 3 2 4 0 7
13 4 9 6 5 7 1 0 4 3 2
13 5 8 0 5 7 1 2 4 3 6
13 2 11 0 6 7 1 2 5 4 3
13 2 11 6 7 0 1 2 5 4 3
13 4 9 6 5 0 7 2 4 3 1
12 5 7 6 5 3 7 2 4 0 1
12 6 6 6 5 3 7 2 4 1 0
13 3 10 5 0 7 1 6 2 4 3
13 4 9 6 4 5 1 2 0 7 3
13 4 9 0 6 5 1 2 4 7 3
13 6 7 6 5 1 7 2 4 0 3
13 5 8 1 5 0 7 6 2 4 3
13 6 7 1 5 7 3 6 2 0 4
13 7 6 1 5 7 0 2 4 3 6
13 3 10 2 6 7 1 0 5 4 3
13 4 9 1 6 7 0 2 5 4 3
12 5 7 1 6 7 3 2 5 4 0
13 5 8 3 6 7 1 2 5 4 0
13 3 10 6 7 1 0 2 5 4 3
12 4 8 6 7 1 3 2 5 4 0
13 5 8 6 0 5 7 2 4 3 1
13 4 9 5 2 7 1 6 0 4 3
13 6 7 1 6 5 0 2 4 7 3
12 7 5 1 6 5 3 2 4 7 0
13 7 6 3 6 5 1 2 4 7 0
13 7 6 6 5 1 7 2 4 3 0
13 6 7 1 0 5 7 6 2 4 3
13 4 9 2 6 7 1 5 0 4 3
13 5 8 5 2 7 1 0 6 4 3
13 8 5 1 6 5 3 2 4 0 7
14 5 9 6 5 0 1 2 4 3 7
13 6 7 6 5 3 1 2 4 0 7
14 4 10 6 5 7 0 1 2 4 3
13 5 8 6 5 7 3 1 2 4 0
14 6 8 6 5 7 3 2 4 0 1
14 5 9 2 5 7 1 6 0 4 3
14 4 10 6 5 7 1 3 2 0 4
14 7 7 1 5 7 3 0 2 4 6
14 6 8 3 5 7 1 6 2 0 4
14 6 8 6 5 1 3 2 0 4 7
14 5 9 0 5 7 1 6 4 3 2
14 6 8 2 5 7 1 0 4 3 6
14 6 8 5 0 7 1 2 4 3 6
14 5 9 5 6 7 1 2 0 4 3
14 3 11 6 7 4 1 2 5 0 3
14 6 8 6 5 3 7 2 0 4 1
14 4 10 5 7 0 1 6 2 4 3
14 5 9 6 4 5 1 2 7 0 3
14 5 9 2 6 5 1 0 4 7 3
14 6 8 1 5 4 7 6 2 0 3
14 7 7 1 5 7 3 6 0 2 4
14 8 6 1 5 7 6 2 4 3 0
14 8 6 1 5 0 7 2 4 3 6
13 9 4 1 5 3 7 2 4 0 6
12 10 2 1 5 3 7 2 4 6 0
14 5 9 2 6 7 1 3 5 4 0
14 5 9 1 6 0 7 2 5 4 3
14 6 8 1 6 7 3 2 5 0 4
14 5 9 6 7 1 3 2 5 0 4
14 6 8 6 4 5 7 2 0 3 1
14 6 8 0 6 5 7 2 4 3 1
13 9 4 1 6 5 7 2 4 3 0
14 5 9 5 2 7 1 6 4 0 3
13 6 7 5 2 7 1 6 4 3 0
14 9 5 1 6 5 7 2 4 0 3
14 8 6 3 6 5 1 2 4 0 7
14 7 7 1 2 5 7 6 0 4 3
14 5 9 2 0 7 1 5 6 4 3
14 5 9 2 6 7 1 5 4 0 3
13 6 7 2 6 7 1 5 4 3 0
14 6 8 0 2 7 1 5 6 4 3
14 7 7 5 2 7 1 3 6 4 0
14 6 8 6 0 5 1 2 4 3 7
14 6 8 6 5 1 0 2 4 3 7
14 7 7 6 5 3 1 2 4 7 0
14 7 7 6 5 7 3 2 4 1 0
14 6 8 2 5 7 1 6 4 0 3
14 8 6 1 5 7 3 2 0 4 6
14 7 7 1 5 7 0 6 4 3 2
14 6 8 5 6 7 1 2 4 0 3
14 4 10 6 7 4 1 2 0 5 3
14 4 10 6 7 4 1 2 5 3 0
14 5 9 5 7 1 0 6 2 4 3
13 6 7 5 7 1 3 6 2 4 0
14 6 8 6 4 5 1 2 7 3 0
14 7 7 1 5 4 7 6 2 3 0
14 9 5 1 0 5 7 2 4 3 6
14 6 8 1 0 6 7 2 5 4 3
13 7 6 1 5 6 7 2 0 4 3
13 8 5 1 5 6 7 2 4 0 3
13 9 4 1 5 6 7 2 4 3 0
14 7 7 1 6 7 3 2 0 5 4
14 6 8 6 7 1 3 2 0 5 4
14 7 7 6 4 5 7 2 3 0 1
14 8 6 1 2 5 7 6 4 0 3
14 8 6 1 2 7 0 5 6 4 3
13 9 4 1 2 7 3 5 6 4 0
14 9 5 3 2 7 1 5 6 4 0
14 7 7 2 5 7 1 6 4 3 0
14 9 5 1 5 7 3 2 4 0 6
13 10 3 1 5 7 3 2 4 6 0
14 7 7 5 6 7 1 2 4 3 0
14 9 5 1 5 0 7 2 4 6 3
14 8 6 6 4 5 7 2 3 1 0
14 9 5 1 2 5 7 6 4 3 0
14 10 4 1 2 7 3 5 6 0 4
14 10 4 1 0 5 7 2 4 6 3
15 4 11 6 0 7 1 5 2 4 3
14 5 9 6 2 7 1 5 0 4 3
15 5 10 0 5 7 6 2 4 3 1
15 4 11 6 5 7 0 3 2 4 1
15 5 10 0 5 1 6 2 4 7 3
15 6 9 6 5 1 3 0 4 7 2
15 7 8 0 5 1 3 2 4 7 6
15 7 8 1 5 7 4 6 2 0 3
14 8 6 1 5 7 4 6 2 3 0
15 6 9 3 5 7 0 6 2 4 1
15 7 8 3 5 7 1 0 2 4 6
15 6 9 6 5 0 3 2 4 1 7
15 5 10 6 5 7 1 4 0 3 2
15 7 8 6 5 3 0 2 4 1 7
15 5 10 6 4 5 1 0 2 7 3
15 7 8 6 5 1 7 2 0 4 3
15 7 8 1 5 0 3 6 2 7 4
14 8 6 1 5 3 0 6 2 7 4
13 9 4 1 5 3 4 6 2 7 0
15 7 8 1 6 7 4 2 5 0 3
14 8 6 1 6 7 4 2 5 3 0
15 6 9 3 6 7 1 2 5 0 4
15 7 8 0 1 5 7 6 2 4 3
15 9 6 1 6 5 3 2 0 4 7
15 7 8 6 5 3 1 2 0 4 7
15 5 10 6 5 0 7 1 2 4 3
15 6 9 6 5 7 3 1 2 0 4
15 6 9 2 5 7 1 0 6 4 3
15 5 10 6 5 7 1 3 0 2 4
15 7 8 3 5 7 1 6 0 2 4
15 6 9 5 0 7 1 6 4 3 2
15 7 8 5 4 7 1 2 0 3 6
15 7 8 5 7 0 1 2 4 3 6
14 8 6 5 7 3 1 2 4 0 6
13 9 4 5 7 3 1 2 4 6 0
15 6 9 5 0 7 1 2 6 4 3
15 5 10 5 7 4 1 6 2 0 3
14 6 8 5 7 4 1 6 2 3 0
15 7 8 2 6 5 1 3 4 7 0
15 7 8 1 5 4 7 6 0 2 3
15 8 7 1 5 7 3 0 6 2 4
15 10 5 1 5 3 7 2 0 4 6
15 11 4 1 5 3 0 2 4 6 7
15 6 9 2 6 7 1 3 5 0 4
15 6 9 1 6 4 7 2 5 0 3
15 7 8 1 6 0 3 2 5 7 4
14 8 6 1 6 3 0 2 5 7 4
13 9 4 1 6 3 4 2 5 7 0
15 7 8 2 6 5 7 0 4 3 1
15 6 9 5 2 0 1 6 4 7 3
15 8 7 1 2 5 7 0 6 4 3
15 6 9 2 6 0 1 5 4 7 3
15 8 7 5 2 7 1 3 6 0 4
15 7 8 6 4 5 1 2 0 3 7
15 7 8 0 6 5 1 2 4 3 7
15 8 7 1 5 7 2 6 4 3 0
15 8 7 1 5 0 7 6 4 3 2
14 9 5 1 5 3 7 6 4 0 2
14 10 4 1 5 3 7 6 4 2 0
15 7 8 5 7 1 3 6 2 0 4
15 10 5 1 4 5 7 2 0 3 6
15 8 7 1 5 6 7 0 2 4 3
15 8 7 1 0 7 3 2 6 5 4
15 8 7 1 6 7 3 0 2 5 4
15 11 4 1 2 7 4 5 6 0 3
14 12 2 1 2 7 4 5 6 3 0
15 10 5 3 2 7 1 5 6 0 4
15 10 5 1 5 7 0 2 4 6 3
15 11 4 1 2 0 3 5 6 7 4
14 12 2 1 2 3 0 5 6 7 4
