0 0 0 5 3 1 0 2 6 7 4
7 1 6 5 3 1 4 2 6 7 0
9 1 8 5 3 0 1 2 6 7 4
9 2 7 5 3 1 4 2 6 0 7
9 2 7 5 0 3 1 2 6 7 4
10 2 8 0 3 1 5 2 6 7 4
10 3 7 5 3 1 7 2 6 0 4
10 3 7 5 3 1 2 0 6 7 4
10 3 7 5 3 1 4 0 6 7 2
10 4 6 5 3 1 7 2 0 6 4
10 4 6 5 3 1 7 2 6 4 0
10 4 6 0 3 1 2 5 6 7 4
10 4 6 0 3 1 4 5 6 7 2
11 2 9 5 3 7 1 2 6 0 4
11 3 8 5 3 0 4 2 6 1 7
11 3 8 5 3 1 4 2 0 6 7
11 3 8 5 6 3 1 2 0 7 4
11 3 8 0 5 3 1 2 6 7 4
10 5 5 1 5 3 0 2 6 7 4
10 6 4 1 5 3 4 2 6 7 0
11 6 5 2 3 1 0 5 6 7 4
11 7 4 2 3 1 4 5 6 7 0
11 3 8 5 3 7 1 2 0 6 4
11 3 8 5 3 7 1 2 6 4 0
11 4 7 5 0 3 4 2 6 1 7
11 4 7 5 3 1 4 0 2 6 7
11 4 7 5 6 3 1 0 2 7 4
11 4 7 2 5 3 1 0 6 7 4
11 5 6 0 3 1 4 5 2 6 7
11 5 6 0 6 3 1 5 2 7 4
10 7 3 1 6 3 0 5 2 7 4
10 8 2 1 6 3 4 5 2 7 0
12 4 8 0 3 1 4 2 6 7 5
12 4 8 5 3 0 4 2 6 7 1
12 3 9 2 3 1 5 0 6 7 4
12 3 9 3 0 1 5 2 6 7 4
12 4 8 5 3 0 7 2 6 1 4
12 4 8 5 3 1 2 6 0 7 4
12 4 8 5 3 1 4 6 0 7 2
12 5 7 5 0 1 7 2 3 6 4
12 5 7 5 3 1 7 0 2 6 4
12 5 7 5 3 1 0 2 6 4 7
12 5 7 3 0 1 2 5 6 7 4
12 5 7 3 0 1 4 5 6 7 2
12 6 6 1 5 0 3 2 6 7 4
12 7 5 1 5 3 4 2 6 0 7
12 7 5 5 6 3 0 1 2 7 4
12 7 5 2 0 3 1 5 6 7 4
12 7 5 2 5 3 0 1 6 7 4
12 8 4 1 6 0 3 5 2 7 4
12 9 3 1 6 3 4 5 2 0 7
12 5 7 2 3 1 4 0 6 7 5
12 5 7 5 0 3 4 2 6 7 1
12 4 8 3 1 0 5 2 6 7 4
12 6 6 0 5 1 7 2 3 6 4
12 6 6 5 1 0 7 2 3 6 4
12 6 6 3 1 0 2 5 6 7 4
12 6 6 3 1 0 4 5 6 7 2
12 8 4 5 6 3 4 1 2 7 0
12 8 4 0 2 3 1 5 6 7 4
11 10 1 1 2 3 0 5 6 7 4
