0 0 0 5 7 2 3 1 4 0 6
7 1 6 5 7 2 3 1 4 6 0
9 1 8 5 7 0 3 1 4 2 6
9 2 7 5 7 3 0 1 4 2 6
10 1 9 5 7 2 3 1 0 4 6
10 2 8 5 7 2 0 1 4 6 3
10 2 8 5 0 7 3 1 4 2 6
10 3 7 5 7 3 6 1 4 2 0
11 3 8 5 7 2 3 0 4 6 1
11 4 7 5 7 0 3 1 4 6 2
11 3 8 5 4 7 3 1 0 2 6
11 3 8 0 5 7 3 1 4 2 6
10 4 6 1 5 7 3 0 4 2 6
11 5 6 5 7 3 0 1 4 6 2
11 6 5 1 5 7 3 6 4 2 0
12 4 8 0 7 3 5 1 4 2 6
11 5 6 1 7 3 5 0 4 2 6
12 5 7 5 7 3 1 0 4 2 6
12 2 10 5 0 2 3 1 7 4 6
12 2 10 5 7 2 3 0 1 4 6
12 3 9 5 7 0 2 1 4 6 3
12 4 8 5 7 3 6 1 4 0 2
12 5 7 5 7 6 3 1 4 0 2
12 5 7 5 0 7 3 1 4 6 2
12 4 8 5 4 7 3 1 2 0 6
11 5 6 5 4 7 3 1 2 6 0
12 5 7 3 5 7 0 1 4 2 6
12 5 7 1 5 7 3 4 0 2 6
12 6 6 5 7 3 2 1 4 6 0
12 7 5 1 7 3 5 6 4 2 0
12 3 9 5 2 0 3 1 7 4 6
11 4 7 5 2 4 3 1 7 0 6
11 4 7 5 2 3 0 1 7 4 6
11 5 6 5 2 4 3 1 0 7 6
11 5 6 5 2 4 3 1 7 6 0
12 6 6 5 7 6 3 1 4 2 0
12 5 7 5 2 3 6 1 7 4 0
12 7 5 5 2 3 4 1 7 0 6
12 8 4 5 2 3 4 1 0 7 6
12 8 4 5 2 3 4 1 7 6 0
13 4 9 0 7 2 3 1 4 6 5
12 5 7 1 7 2 3 0 4 6 5
13 5 8 5 7 3 2 1 4 0 6
13 4 9 0 7 2 5 1 4 6 3
12 5 7 1 7 2 5 0 4 6 3
13 5 8 5 7 2 1 0 4 6 3
13 4 9 5 7 2 3 4 0 6 1
13 4 9 5 4 7 3 0 1 2 6
13 6 7 6 5 7 3 1 4 2 0
13 7 6 1 5 7 3 6 4 0 2
13 5 8 7 0 3 5 1 4 2 6
13 6 7 1 7 3 5 4 0 2 6
13 7 6 5 7 3 1 6 4 2 0
13 4 9 5 7 2 3 6 1 4 0
13 4 9 5 7 6 2 1 4 0 3
13 4 9 5 0 7 2 1 4 6 3
13 6 7 5 4 7 3 1 0 6 2
13 6 7 0 5 7 3 1 4 6 2
12 7 5 1 5 7 3 0 4 6 2
12 9 3 1 5 7 3 2 4 6 0
13 5 8 5 4 0 3 1 2 7 6
12 6 6 5 4 3 0 1 2 7 6
13 6 7 3 5 7 6 1 4 2 0
13 6 7 3 5 0 7 1 4 2 6
13 6 7 1 5 7 3 4 2 0 6
12 7 5 1 5 7 3 4 2 6 0
13 6 7 5 2 4 3 0 1 7 6
13 6 7 5 2 3 6 1 7 0 4
13 7 6 1 7 2 3 5 4 6 0
13 7 6 3 7 2 5 1 4 6 0
13 7 6 1 7 2 5 3 4 6 0
13 6 7 7 3 0 5 1 4 2 6
12 7 5 7 3 5 0 1 4 2 6
13 5 8 5 7 6 2 1 4 3 0
13 7 6 5 4 3 6 1 2 7 0
13 7 6 3 0 5 7 1 4 2 6
13 7 6 5 2 3 6 1 0 7 4
13 8 5 7 3 5 6 1 4 2 0
13 8 5 0 3 5 7 1 4 2 6
12 9 3 1 3 5 7 0 4 2 6
13 11 2 1 3 5 7 6 4 2 0
14 5 9 5 7 3 6 0 4 2 1
14 4 10 0 7 2 3 5 4 6 1
14 7 7 1 5 7 0 3 4 2 6
14 7 7 0 7 3 5 1 4 6 2
13 8 5 1 7 3 5 0 4 6 2
13 10 3 1 7 3 5 2 4 6 0
14 8 6 5 7 3 1 0 4 6 2
14 7 7 1 5 7 0 6 4 2 3
14 7 7 6 7 3 5 1 4 2 0
14 6 8 5 7 3 1 4 0 2 6
14 3 11 0 5 2 3 1 7 4 6
13 4 9 1 5 2 3 0 7 4 6
14 3 11 0 7 2 3 5 1 4 6
14 5 9 5 7 3 6 1 0 4 2
14 6 8 5 7 6 3 1 0 4 2
14 6 8 5 4 7 0 1 2 6 3
14 8 6 1 7 3 5 6 4 0 2
14 7 7 5 2 3 1 0 7 4 6
14 6 8 5 0 4 3 1 2 7 6
14 6 8 5 2 4 0 1 7 6 3
14 9 5 5 2 3 4 0 1 7 6
14 5 9 7 0 2 3 1 4 6 5
14 6 8 3 7 2 0 1 4 6 5
14 6 8 1 7 2 3 4 0 6 5
14 5 9 7 0 2 5 1 4 6 3
14 6 8 1 7 2 5 4 0 6 3
14 7 7 5 7 2 1 3 4 6 0
14 6 8 5 4 7 3 6 1 2 0
14 6 8 7 4 3 5 1 0 2 6
14 7 7 1 7 3 5 4 2 0 6
13 8 5 1 7 3 5 4 2 6 0
14 5 9 5 4 7 2 1 0 6 3
14 5 9 0 5 7 2 1 4 6 3
13 6 7 1 5 7 2 0 4 6 3
14 8 6 3 5 7 0 1 4 6 2
14 9 5 2 5 7 3 1 4 6 0
14 8 6 1 5 7 3 4 0 6 2
14 7 7 3 5 2 7 1 4 0 6
13 8 5 3 5 2 7 1 4 6 0
14 7 7 0 2 4 3 5 1 7 6
14 8 6 5 2 4 3 6 1 7 0
14 7 7 7 3 2 5 1 4 0 6
13 8 5 7 3 2 5 1 4 6 0
14 6 8 5 7 6 0 1 4 3 2
14 8 6 3 4 5 7 1 0 2 6
14 10 4 1 3 5 7 4 0 2 6
14 10 4 5 7 3 1 2 4 6 0
14 5 9 1 5 2 3 7 0 4 6
14 6 8 1 5 2 3 6 7 4 0
14 6 8 1 7 2 3 5 0 4 6
14 6 8 5 4 7 2 1 6 0 3
13 7 6 5 4 7 2 1 6 3 0
14 7 7 2 5 7 0 1 4 6 3
13 8 5 2 5 7 3 1 4 6 0
14 8 6 3 5 7 2 1 4 6 0
14 8 6 1 5 7 2 3 4 6 0
14 9 5 1 5 7 0 2 4 6 3
14 10 4 1 2 4 3 5 0 7 6
14 6 8 1 5 2 3 7 4 0 6
13 7 6 1 5 2 3 7 4 6 0
15 5 10 5 7 2 6 1 4 0 3
15 6 9 5 7 2 0 3 4 6 1
15 6 9 4 5 7 3 1 0 2 6
15 7 8 1 0 7 3 5 4 2 6
15 8 7 1 7 3 0 5 4 2 6
15 6 9 0 7 3 1 5 4 2 6
15 5 10 5 7 0 6 1 4 3 2
15 7 8 5 4 7 3 0 2 6 1
15 8 7 3 5 7 1 0 4 2 6
15 6 9 1 0 7 3 4 5 2 6
15 8 7 1 7 3 0 6 4 2 5
15 6 9 0 2 3 5 1 7 4 6
14 7 7 1 2 3 5 0 7 4 6
15 7 8 5 2 4 3 0 7 6 1
15 7 8 5 7 6 0 1 4 2 3
15 8 7 5 2 0 4 1 7 3 6
15 9 6 5 0 3 4 1 2 7 6
15 9 6 5 2 3 0 1 7 6 4
15 6 9 5 7 3 2 1 0 4 6
15 6 9 5 7 2 1 4 0 6 3
15 5 10 5 7 2 3 4 6 0 1
15 5 10 0 4 7 3 5 1 2 6
15 7 8 6 5 7 3 1 4 0 2
15 8 7 1 5 7 3 6 0 4 2
15 8 7 5 7 3 1 6 4 0 2
15 5 10 5 7 2 3 6 1 0 4
15 5 10 5 7 6 2 1 0 4 3
15 7 8 5 4 7 3 0 1 6 2
15 7 8 5 4 7 3 1 6 0 2
15 10 5 1 5 7 3 2 4 0 6
15 9 6 5 4 3 1 0 2 7 6
15 7 8 3 5 7 6 1 4 0 2
15 8 7 1 5 7 0 4 2 6 3
15 9 6 1 5 7 3 0 2 6 4
15 10 5 7 3 5 1 0 4 2 6
15 8 7 5 2 3 6 0 1 7 4
15 9 6 7 3 5 6 1 4 0 2
15 11 4 6 3 5 7 1 4 2 0
15 12 3 1 3 5 7 6 4 0 2
15 5 10 7 0 2 3 5 4 6 1
15 6 9 3 7 2 0 5 4 6 1
14 7 7 3 7 2 1 5 4 6 0
15 8 7 1 5 7 6 3 4 2 0
15 8 7 1 5 0 7 3 4 2 6
15 8 7 7 0 3 5 1 4 6 2
15 10 5 2 7 3 5 1 4 6 0
15 9 6 1 7 3 5 4 0 6 2
15 8 7 1 5 0 7 6 4 2 3
15 7 8 5 7 3 1 4 2 0 6
14 8 6 5 7 3 1 4 2 6 0
15 5 10 3 5 2 0 1 7 4 6
15 6 9 7 5 2 3 1 0 4 6
15 7 8 1 0 2 3 5 7 4 6
15 4 11 7 0 2 3 5 1 4 6
14 5 9 7 1 2 3 5 0 4 6
15 5 10 3 7 2 0 5 1 4 6
15 7 8 5 4 0 7 1 2 6 3
15 8 7 0 2 3 1 5 7 4 6
15 8 7 5 2 3 1 7 0 4 6
15 9 6 5 2 3 1 6 7 4 0
15 7 8 5 2 0 4 1 7 6 3
15 10 5 0 2 3 4 5 1 7 6
15 11 4 5 2 3 4 6 1 7 0
15 6 9 7 4 2 3 1 0 6 5
15 6 9 7 2 0 3 1 4 6 5
15 7 8 1 7 2 3 4 6 0 5
15 6 9 7 4 2 5 1 0 6 3
15 6 9 7 2 0 5 1 4 6 3
14 7 7 7 2 5 0 1 4 6 3
13 8 5 7 2 5 3 1 4 6 0
15 7 8 7 4 3 5 1 2 0 6
14 8 6 7 4 3 5 1 2 6 0
15 7 8 1 5 7 2 4 0 6 3
15 9 6 3 5 0 7 1 4 6 2
15 9 6 3 2 4 0 5 1 7 6
15 9 6 3 4 5 7 1 2 0 6
14 10 4 3 4 5 7 1 2 6 0
15 11 4 1 3 5 7 4 2 0 6
14 12 2 1 3 5 7 4 2 6 0
15 6 9 1 0 2 3 7 5 4 6
15 7 8 1 5 2 3 6 7 0 4
15 7 8 1 7 2 3 5 4 0 6
15 7 8 5 4 0 2 1 6 7 3
15 8 7 2 5 0 7 1 4 6 3
15 9 6 1 5 7 0 3 4 6 2
15 10 5 1 5 0 7 2 4 6 3
15 7 8 1 5 0 3 7 4 2 6
15 9 6 1 5 2 3 0 4 6 7
15 6 9 5 7 2 6 1 4 3 0
15 8 7 1 4 7 3 5 0 2 6
15 8 7 5 4 7 3 2 0 6 1
15 8 7 1 2 3 5 7 0 4 6
15 9 6 1 2 3 5 6 7 4 0
15 10 5 1 2 3 0 5 7 4 6
15 6 9 5 7 2 3 4 6 1 0
15 9 6 5 4 7 3 2 1 6 0
15 8 7 5 4 7 3 1 6 2 0
15 10 5 1 5 7 3 2 0 6 4
15 6 9 7 4 2 3 5 0 6 1
15 9 6 1 0 5 7 3 4 2 6
15 9 6 7 3 0 5 1 4 6 2
14 10 4 7 3 5 0 1 4 6 2
15 9 6 1 0 5 7 6 4 2 3
15 7 8 7 5 2 3 1 4 0 6
14 8 6 7 5 2 3 1 4 6 0
15 8 7 1 2 0 3 5 7 4 6
14 9 5 1 2 4 3 5 7 0 6
14 9 5 1 2 3 0 5 7 4 6
14 10 4 1 2 4 3 5 7 6 0
15 5 10 7 2 0 3 5 1 4 6
14 6 8 7 2 4 3 5 1 0 6
14 6 8 7 2 3 0 5 1 4 6
14 7 7 7 2 4 3 5 1 6 0
15 6 9 7 1 2 3 5 4 0 6
14 7 7 7 1 2 3 5 4 6 0
15 13 2 1 2 3 4 5 0 7 6
15 7 8 7 4 2 3 1 6 0 5
15 7 8 7 2 3 0 1 4 6 5
14 8 6 7 2 3 5 1 4 6 0
15 8 7 1 7 2 3 4 6 5 0
15 10 5 3 0 5 7 1 4 6 2
15 7 8 1 2 0 3 7 5 4 6
14 8 6 1 2 4 3 7 5 0 6
14 8 6 1 2 3 0 7 5 4 6
14 9 5 1 2 4 3 7 5 6 0
15 8 7 1 5 2 3 6 0 7 4
15 8 7 5 4 2 0 1 6 7 3
14 9 5 5 4 2 3 1 6 7 0
15 9 6 2 0 5 7 1 4 6 3
15 11 4 1 0 5 7 2 4 6 3
15 8 7 1 0 5 3 7 4 2 6
15 8 7 1 5 3 0 7 4 2 6
15 9 6 1 4 7 3 5 2 0 6
15 7 8 7 4 2 3 5 6 0 1
15 11 4 7 3 5 2 1 4 6 0
15 10 5 1 2 3 6 5 7 4 0
15 12 3 1 2 3 4 5 7 0 6
15 7 8 7 2 4 3 5 0 1 6
15 7 8 7 2 3 6 5 1 4 0
15 9 6 7 2 3 4 5 1 0 6
15 8 7 7 4 2 3 1 6 5 0
15 11 4 0 3 5 7 1 4 6 2
14 12 2 1 3 5 7 0 4 6 2
