0 0 0 7 4 2 1 5 6 3 0
11 3 8 0 4 2 1 5 6 3 7
10 5 5 1 4 2 0 5 6 3 7
12 1 11 7 4 2 0 5 6 3 1
12 1 11 7 4 2 1 5 6 0 3
12 6 6 1 4 2 7 5 6 3 0
12 6 6 1 4 0 2 5 6 3 7
12 7 5 1 4 3 2 5 6 0 7
12 7 5 1 0 4 2 5 6 3 7
12 8 4 1 4 3 2 5 6 7 0
13 4 9 5 4 2 1 0 6 3 7
13 4 9 4 0 2 1 5 6 3 7
13 8 5 1 4 2 3 5 6 0 7
13 3 10 0 4 2 7 5 6 3 1
13 5 8 4 2 0 1 5 6 3 7
13 9 4 1 4 2 3 5 6 7 0
13 6 7 4 2 3 1 5 6 0 7
13 6 7 4 2 1 0 5 6 3 7
12 8 4 0 2 1 4 5 6 3 7
13 7 6 4 2 3 1 5 6 7 0
14 2 12 7 4 0 2 5 6 3 1
14 2 12 7 4 0 1 5 6 2 3
14 2 12 7 4 2 1 5 0 6 3
14 7 7 1 4 2 7 5 6 0 3
14 8 6 1 4 3 2 5 0 6 7
14 8 6 1 6 4 2 5 0 3 7
14 8 6 0 1 4 2 5 6 3 7
14 9 5 1 4 3 0 5 6 7 2
14 7 7 5 4 2 0 1 6 3 7
14 9 5 5 2 1 4 0 6 3 7
14 9 5 2 0 1 4 5 6 3 7
14 10 4 0 2 3 1 5 6 7 4
13 12 1 1 2 3 0 5 6 7 4
