0 0 0 1 7 6 4 3 5 2 0
11 2 9 1 7 6 4 0 5 2 3
11 3 8 1 7 6 4 5 0 2 3
11 4 7 1 0 6 4 5 7 2 3
11 4 7 1 7 6 4 5 2 0 3
11 5 6 1 6 0 4 5 7 2 3
11 5 6 1 7 0 4 5 2 6 3
11 5 6 1 7 6 4 5 2 3 0
11 6 5 1 6 2 4 5 7 0 3
11 6 5 1 0 7 4 5 2 6 3
11 7 4 1 6 2 4 5 0 7 3
11 7 4 1 6 2 4 5 7 3 0
11 7 4 1 2 7 4 5 0 6 3
11 8 3 1 0 2 4 5 6 7 3
11 8 3 1 2 7 4 5 6 0 3
11 9 2 1 2 0 4 5 6 7 3
11 9 2 1 2 7 4 5 6 3 0
12 1 11 1 7 6 0 3 5 2 4
12 1 11 1 7 6 4 3 5 0 2
12 2 10 1 7 0 4 3 5 6 2
12 3 9 1 0 7 4 3 5 6 2
13 3 10 1 7 0 4 3 5 2 6
13 3 10 0 7 6 4 1 5 2 3
13 5 8 0 1 6 4 5 7 2 3
13 6 7 1 6 4 0 5 7 2 3
13 6 7 1 7 4 0 5 2 6 3
13 6 7 1 7 6 0 5 2 3 4
13 7 6 0 1 7 4 5 2 6 3
13 8 5 1 6 2 4 0 5 7 3
13 8 5 1 6 2 0 5 7 3 4
13 8 5 1 2 7 4 0 5 6 3
13 9 4 0 1 2 4 5 6 7 3
13 10 3 1 2 4 0 5 6 7 3
13 10 3 1 2 7 0 5 6 3 4
13 4 9 1 7 6 3 0 5 2 4
13 4 9 1 7 2 4 3 5 0 6
13 4 9 1 0 7 4 3 5 2 6
13 7 6 1 6 4 3 5 7 2 0
13 7 6 1 7 4 3 5 2 6 0
13 11 2 1 2 4 3 5 6 7 0
13 5 8 1 7 6 3 5 0 2 4
13 5 8 1 7 2 4 3 5 6 0
13 6 7 1 0 6 3 5 7 2 4
13 6 7 1 7 6 3 5 2 0 4
13 7 6 1 6 0 3 5 7 2 4
13 7 6 1 7 0 3 5 2 6 4
13 8 5 1 6 2 3 5 7 0 4
13 8 5 1 6 3 0 5 7 2 4
13 8 5 1 0 7 3 5 2 6 4
13 8 5 1 7 3 0 5 2 6 4
13 9 4 1 6 2 3 5 0 7 4
13 9 4 1 6 3 4 5 7 2 0
13 9 4 1 2 7 3 5 0 6 4
13 9 4 1 7 3 4 5 2 6 0
13 10 3 1 0 2 3 5 6 7 4
13 10 3 1 2 7 3 5 6 0 4
13 11 2 1 2 0 3 5 6 7 4
13 12 1 1 2 3 0 5 6 7 4
