0 0 0 3 5 2 4 1 0 6 7
8 1 7 3 5 2 4 1 6 0 7
7 2 5 3 5 2 4 1 6 7 0
9 1 8 3 0 2 4 1 5 6 7
9 2 7 3 2 0 4 1 5 6 7
10 1 9 3 5 2 4 0 1 6 7
10 3 7 3 5 2 0 1 6 7 4
10 2 8 0 3 2 4 1 5 6 7
9 3 6 1 3 2 4 0 5 6 7
9 4 5 1 3 2 4 5 0 6 7
9 5 4 1 3 2 4 5 6 0 7
8 6 2 1 3 2 4 5 6 7 0
10 3 7 3 2 6 4 1 5 0 7
9 4 5 3 2 6 4 1 5 7 0
10 3 7 3 2 4 0 1 5 6 7
10 5 5 1 3 2 4 7 5 6 0
11 2 9 3 5 0 4 1 6 2 7
11 4 7 3 5 2 4 0 6 7 1
11 3 8 3 5 2 4 7 1 6 0
11 7 4 1 3 2 0 5 6 7 4
11 4 7 3 2 6 4 1 0 5 7
11 4 7 3 2 4 7 1 5 6 0
12 4 8 3 0 2 4 5 1 6 7
11 5 6 3 1 2 4 5 0 6 7
11 6 5 3 1 2 4 5 6 0 7
10 7 3 3 1 2 4 5 6 7 0
12 4 8 3 5 0 2 1 6 7 4
12 4 8 4 3 2 0 1 5 6 7
12 5 7 5 3 2 4 1 0 6 7
12 5 7 7 3 2 4 1 5 6 0
12 5 7 1 0 2 4 5 3 6 7
12 6 6 1 3 0 4 5 6 2 7
12 8 4 1 3 2 4 0 6 7 5
12 5 7 3 2 6 0 1 5 7 4
12 6 6 1 3 2 4 7 5 0 6
12 3 9 3 0 5 4 1 6 2 7
12 3 9 3 5 4 0 1 6 2 7
11 4 7 3 5 4 7 1 6 2 0
12 5 7 3 2 0 4 5 1 6 7
12 5 7 4 3 2 7 1 5 6 0
12 6 6 5 3 2 4 1 6 0 7
11 7 4 5 3 2 4 1 6 7 0
12 6 6 1 2 0 4 5 3 6 7
12 7 5 1 0 3 4 5 6 2 7
12 4 8 0 3 5 4 1 6 2 7
11 5 6 1 3 5 4 0 6 2 7
12 6 6 1 3 5 4 6 0 2 7
13 5 8 0 5 2 4 1 6 7 3
12 6 6 1 5 2 4 0 6 7 3
13 5 8 3 5 0 4 1 6 7 2
13 2 11 0 5 2 4 3 1 6 7
13 4 9 3 5 2 0 4 1 6 7
12 5 7 3 5 2 7 4 1 6 0
13 5 8 0 5 2 3 1 6 7 4
12 6 6 1 5 2 3 0 6 7 4
13 6 7 3 5 2 1 0 6 7 4
13 6 7 1 3 2 0 4 5 6 7
12 7 5 1 3 2 7 4 5 6 0
13 6 7 3 2 6 4 0 5 7 1
13 7 6 3 2 0 4 1 5 7 6
13 5 8 0 2 4 3 1 5 6 7
12 6 6 1 2 4 3 0 5 6 7
12 7 5 1 2 4 3 5 0 6 7
12 8 4 1 2 4 3 5 6 0 7
11 9 2 1 2 4 3 5 6 7 0
13 6 7 3 2 4 1 0 5 6 7
13 6 7 1 3 2 0 7 5 6 4
13 5 8 3 5 2 4 6 0 7 1
13 7 6 3 0 2 4 5 6 7 1
13 4 9 3 5 2 4 7 1 0 6
13 8 5 1 3 0 2 5 6 7 4
13 5 8 3 2 6 4 0 1 5 7
13 5 8 3 2 4 7 1 5 0 6
13 5 8 0 3 2 4 5 1 6 7
13 6 7 3 1 2 4 0 5 6 7
13 8 5 3 1 2 0 5 6 7 4
13 5 8 3 5 7 2 1 6 0 4
13 5 8 3 0 5 2 1 6 7 4
13 7 6 1 3 4 0 5 6 2 7
13 7 6 1 3 2 4 7 0 5 6
13 4 9 3 6 5 4 1 0 2 7
13 5 8 3 5 4 7 1 6 0 2
13 6 7 3 2 6 4 5 1 0 7
12 7 5 3 2 6 4 5 1 7 0
13 6 7 3 2 4 0 5 1 6 7
13 7 6 1 2 6 4 5 3 0 7
12 8 4 1 2 6 4 5 3 7 0
13 7 6 1 2 4 0 5 3 6 7
13 8 5 1 6 3 4 5 0 2 7
13 6 7 4 3 5 0 1 6 2 7
12 7 5 4 3 5 7 1 6 2 0
13 7 6 7 3 5 4 1 6 2 0
13 7 6 1 3 5 4 7 6 2 0
13 8 5 1 3 5 0 4 6 2 7
12 9 3 1 3 5 7 4 6 2 0
13 7 6 1 3 5 4 6 2 0 7
13 6 7 5 0 2 4 1 6 7 3
13 8 5 1 5 2 4 3 6 7 0
13 3 10 5 0 2 4 3 1 6 7
12 4 8 5 1 2 4 3 0 6 7
12 5 7 5 1 2 4 3 6 0 7
11 6 5 5 1 2 4 3 6 7 0
13 5 8 1 5 2 4 3 0 6 7
13 6 7 5 0 2 3 1 6 7 4
13 7 6 3 2 6 4 5 0 7 1
13 8 5 1 2 4 3 7 5 6 0
13 7 6 3 2 4 1 5 0 6 7
13 8 5 3 2 0 4 5 6 7 1
13 9 4 1 0 3 2 5 6 7 4
13 5 8 3 6 5 4 1 2 0 7
12 6 6 3 6 5 4 1 2 7 0
13 6 7 3 5 4 7 1 0 6 2
13 8 5 1 2 6 4 5 0 3 7
13 9 4 1 6 3 4 5 2 0 7
12 10 2 1 6 3 4 5 2 7 0
13 8 5 1 3 5 4 6 2 7 0
13 7 6 5 2 0 4 1 6 7 3
13 4 9 5 2 0 4 3 1 6 7
13 5 8 5 1 2 4 0 3 6 7
13 6 7 1 5 2 4 3 6 0 7
12 7 5 1 5 2 4 3 6 7 0
13 7 6 5 2 0 3 1 6 7 4
12 8 4 5 2 3 0 1 6 7 4
11 9 2 5 2 3 4 1 6 7 0
13 8 5 3 2 4 1 5 6 0 7
12 9 3 3 2 4 1 5 6 7 0
14 6 8 3 5 2 7 1 6 0 4
14 6 8 1 0 2 4 3 5 6 7
14 9 5 1 3 0 4 5 6 7 2
14 6 8 3 2 4 6 1 5 0 7
13 7 6 3 2 4 6 1 5 7 0
14 5 9 0 5 2 4 3 6 7 1
14 4 10 3 5 2 0 7 1 6 4
14 5 9 3 0 6 4 1 2 5 7
14 7 7 3 1 0 4 5 6 2 7
14 9 5 3 1 2 4 0 6 7 5
14 5 9 4 3 0 2 1 5 6 7
14 6 8 5 3 2 4 0 1 6 7
14 6 8 7 3 2 0 1 5 6 4
14 6 8 7 3 2 4 1 5 0 6
14 6 8 0 1 2 4 5 3 6 7
14 9 5 1 3 2 4 6 0 7 5
14 6 8 3 2 0 6 1 5 7 4
14 6 8 3 5 4 2 1 6 0 7
13 7 6 3 5 4 2 1 6 7 0
14 8 6 5 3 2 0 1 6 7 4
14 8 6 0 1 3 4 5 6 2 7
14 7 7 1 5 2 4 6 0 7 3
14 9 5 1 0 2 4 5 6 7 3
14 6 8 3 5 7 4 1 6 0 2
14 6 8 3 0 5 4 1 6 7 2
14 6 8 3 5 4 0 1 6 7 2
14 8 6 4 5 2 3 1 6 7 0
14 7 7 1 5 2 3 6 0 7 4
14 8 6 1 5 2 3 4 6 7 0
14 9 5 1 0 2 3 5 6 7 4
14 8 6 3 2 7 4 1 5 0 6
14 8 6 3 2 4 0 1 5 7 6
14 10 4 1 2 4 0 5 6 7 3
14 8 6 3 2 4 1 7 5 6 0
14 6 8 3 0 2 4 6 5 7 1
14 8 6 3 6 2 4 5 0 7 1
14 8 6 0 3 2 4 5 6 7 1
14 5 9 3 5 2 4 7 0 1 6
14 9 5 1 3 7 2 5 6 0 4
14 7 7 3 2 6 4 7 1 5 0
14 6 8 3 2 4 7 1 0 5 6
14 8 6 3 1 2 4 7 5 6 0
14 6 8 3 5 7 2 1 0 6 4
14 6 8 3 5 7 2 1 6 4 0
14 6 8 3 6 5 2 1 0 7 4
14 6 8 0 3 5 2 1 6 7 4
13 7 6 1 3 5 2 0 6 7 4
14 8 6 1 3 4 7 5 6 2 0
14 8 6 1 3 2 4 0 7 5 6
14 6 8 3 5 0 7 1 6 4 2
14 7 7 3 2 6 4 5 0 1 7
14 7 7 3 2 4 7 5 1 6 0
14 8 6 1 2 4 7 5 3 6 0
14 8 6 4 3 5 7 1 6 0 2
14 8 6 7 3 5 0 1 6 2 4
14 8 6 1 3 5 0 7 6 2 4
14 10 4 1 3 5 7 4 6 0 2
14 7 7 5 6 2 4 1 0 7 3
14 7 7 5 1 2 0 3 6 7 4
14 8 6 5 1 2 4 0 6 7 3
14 6 8 1 5 2 4 0 3 6 7
14 7 7 5 6 2 3 1 0 7 4
14 9 5 3 2 7 4 5 6 0 1
14 9 5 3 2 4 0 5 6 7 1
14 10 4 1 6 3 2 5 0 7 4
14 6 8 3 6 0 4 1 2 5 7
14 8 6 5 2 7 4 1 6 0 3
13 9 4 5 2 7 4 1 6 3 0
14 8 6 5 2 4 0 1 6 7 3
13 9 4 5 2 4 3 1 6 7 0
14 5 9 5 2 6 4 3 1 0 7
13 6 7 5 2 6 4 3 1 7 0
14 5 9 5 2 4 0 3 1 6 7
14 7 7 5 1 2 4 7 3 6 0
14 8 6 5 2 7 3 1 6 0 4
14 10 4 5 2 3 4 1 6 0 7
14 7 7 3 5 2 7 1 0 6 4
14 7 7 3 5 2 7 1 6 4 0
14 7 7 1 2 0 4 3 5 6 7
14 10 4 1 0 3 4 5 6 7 2
14 6 8 5 0 2 4 3 6 7 1
14 6 8 4 0 3 2 1 5 6 7
14 10 4 1 2 0 4 5 6 7 3
14 7 7 3 5 7 4 1 6 2 0
14 10 4 1 2 0 3 5 6 7 4
13 11 2 1 2 3 0 5 6 7 4
