0 0 0 7 0 1 4 6 3 2 5
13 1 12 7 3 1 4 6 0 2 5
13 1 12 0 7 1 4 6 3 2 5
13 1 12 7 1 0 4 6 3 2 5
13 2 11 7 3 1 4 0 6 2 5
12 4 8 7 3 1 4 5 6 2 0
13 2 11 7 3 1 4 6 2 0 5
13 2 11 7 1 2 4 6 3 0 5
13 3 10 0 3 1 4 7 6 2 5
13 7 6 0 3 1 4 5 6 2 7
13 3 10 7 3 1 4 6 2 5 0
13 3 10 7 1 2 4 6 0 3 5
13 3 10 7 1 2 4 6 3 5 0
13 4 9 7 1 2 4 0 6 3 5
12 6 6 7 1 2 4 5 6 3 0
13 5 8 0 1 2 4 7 6 3 5
13 9 4 0 1 2 4 5 6 3 7
13 6 7 1 0 2 4 7 6 3 5
13 10 3 1 0 2 4 5 6 3 7
13 7 6 1 2 0 4 7 6 3 5
13 11 2 1 2 0 4 5 6 3 7
13 8 5 1 2 3 4 7 6 0 5
13 12 1 1 2 3 4 5 6 0 7
13 9 4 1 2 3 4 7 6 5 0
