0 0 0 7 0 1 4 6 3 2 5
0 0 9 7 3 1 4 6 0 2 5
0 0 8 7 3 1 4 0 6 2 5
0 0 6 7 3 1 4 5 6 2 0
0 0 7 7 3 1 4 5 6 0 2
0 0 7 0 3 1 4 5 6 2 7
0 0 7 5 3 1 4 0 6 2 7
0 0 6 5 3 1 4 7 6 2 0
0 0 7 3 0 1 4 5 6 2 7
0 0 7 4 3 1 0 5 6 2 7
0 0 6 4 3 1 2 5 6 0 7
0 0 4 4 3 1 2 5 6 7 0
0 0 6 4 3 1 0 5 6 7 2
0 0 6 4 3 1 2 0 6 7 5
0 0 6 0 3 1 2 5 6 7 4
0 0 5 2 3 1 0 5 6 7 4
0 0 3 2 3 1 4 5 6 7 0
0 0 5 2 3 1 4 5 6 0 7
0 0 5 2 3 1 4 0 6 7 5
0 0 6 0 3 1 4 5 6 7 2
0 0 6 5 3 1 2 0 6 7 4
0 0 6 3 0 1 2 5 6 7 4
0 0 6 2 3 0 1 5 6 7 4
0 0 5 2 0 3 1 5 6 7 4
0 0 4 0 2 3 1 5 6 7 4
0 0 2 1 2 3 0 5 6 7 4
