0 0 0 1 2 7 0 6 3 4 5
8 1 7 1 2 7 5 6 3 4 0
9 3 6 1 2 7 4 6 3 0 5
9 4 5 1 2 7 4 6 0 3 5
9 4 5 1 2 7 4 6 3 5 0
9 5 4 1 2 7 4 0 6 3 5
9 7 2 1 2 7 4 5 6 3 0
10 1 9 1 2 0 7 6 3 4 5
10 2 8 1 2 7 5 6 3 0 4
10 4 6 1 2 0 4 6 3 7 5
10 2 8 1 2 4 7 6 3 0 5
10 3 7 1 2 7 5 6 0 3 4
10 3 7 1 2 4 7 6 0 3 5
10 3 7 1 2 4 7 6 3 5 0
10 4 6 1 2 7 5 0 6 3 4
10 4 6 1 2 4 7 0 6 3 5
10 6 4 1 2 4 7 5 6 3 0
11 3 8 1 2 7 5 0 3 4 6
11 2 9 1 0 2 7 6 3 4 5
10 3 7 1 3 2 7 6 0 4 5
10 4 6 1 3 2 7 6 4 0 5
9 5 4 1 3 2 7 6 4 5 0
11 3 8 1 2 0 5 6 3 7 4
11 5 6 1 2 4 0 6 3 7 5
11 4 7 1 2 4 0 6 3 5 7
11 7 4 1 2 7 0 5 6 3 4
11 7 4 1 2 4 0 5 6 3 7
11 4 7 1 3 2 7 0 6 4 5
11 5 6 1 3 0 7 6 4 2 5
11 4 7 1 2 5 0 6 3 7 4
10 5 5 1 2 5 4 6 3 7 0
12 2 10 0 2 7 1 6 3 4 5
12 3 9 1 2 7 6 0 3 4 5
12 5 7 1 0 7 4 6 2 3 5
12 5 7 1 2 7 0 6 3 5 4
12 6 6 1 2 7 4 0 3 5 6
12 6 6 0 2 7 4 1 6 3 5
12 8 4 1 2 7 4 5 6 0 3
12 5 7 1 0 2 4 6 3 7 5
11 6 5 1 3 2 4 6 0 7 5
11 7 4 1 3 2 4 0 6 7 5
11 9 2 1 3 2 4 5 6 7 0
12 6 6 1 2 7 5 4 6 3 0
12 7 5 1 2 4 0 7 6 3 5
12 6 6 1 3 2 0 6 4 5 7
12 7 5 1 3 2 7 0 4 5 6
12 6 6 1 2 4 5 6 3 7 0
12 5 7 1 2 0 4 6 3 5 7
12 8 4 1 2 0 4 5 6 3 7
11 9 2 1 2 3 4 5 6 0 7
