0 0 0 1 2 7 0 6 3 4 5
9 1 8 1 2 7 5 6 3 4 0
9 1 8 1 2 0 7 6 3 4 5
10 3 7 1 2 7 4 6 3 0 5
10 3 7 1 2 7 5 0 3 4 6
10 4 6 1 2 0 4 6 3 7 5
10 4 6 1 2 7 4 6 0 3 5
10 4 6 1 2 7 4 6 3 5 0
10 5 5 1 2 7 4 0 6 3 5
9 7 2 1 2 7 4 5 6 3 0
11 2 9 1 2 7 5 6 3 0 4
11 2 9 1 2 4 7 6 3 0 5
11 2 9 1 0 2 7 6 3 4 5
11 6 5 1 0 7 5 2 3 4 6
11 8 3 1 2 7 0 5 6 3 4
11 8 3 1 2 7 4 5 6 0 3
11 3 8 1 2 0 5 6 3 7 4
11 3 8 1 2 7 5 6 0 3 4
11 3 8 1 2 4 7 6 0 3 5
11 3 8 1 2 4 7 6 3 5 0
11 3 8 1 3 2 7 6 0 4 5
11 7 4 1 3 7 5 2 0 4 6
11 9 2 1 2 0 4 5 6 7 3
11 4 7 1 2 5 0 6 3 7 4
11 4 7 1 2 7 5 0 6 3 4
10 7 3 1 2 7 0 5 6 3 4
11 4 7 1 2 4 7 0 6 3 5
10 6 4 1 2 4 7 5 6 3 0
10 7 3 1 2 4 0 5 6 3 7
10 8 2 1 2 0 4 5 6 3 7
10 9 1 1 2 3 4 5 6 0 7
