0 0 0 3 7 4 2 0 1 5 6
12 3 9 3 7 4 0 2 1 5 6
13 1 12 3 7 4 2 1 0 5 6
13 2 11 3 0 4 2 1 7 5 6
13 2 11 3 7 4 2 1 5 0 6
13 3 10 0 3 4 2 1 7 5 6
13 3 10 3 7 4 2 1 5 6 0
13 4 9 1 3 4 2 0 7 5 6
14 2 12 3 7 4 2 6 1 5 0
14 4 10 3 7 4 6 2 1 5 0
14 4 10 3 7 0 4 2 1 5 6
14 5 9 2 3 4 0 1 7 5 6
14 6 8 1 3 4 2 6 7 5 0
14 7 7 1 3 4 0 2 7 5 6
14 5 9 3 7 5 4 2 1 0 6
14 5 9 3 0 7 4 2 1 5 6
14 6 8 2 3 0 4 1 7 5 6
14 6 8 3 7 5 4 2 1 6 0
14 6 8 3 1 7 4 2 0 5 6
14 6 8 0 3 7 4 2 1 5 6
14 7 7 2 0 3 4 1 7 5 6
14 7 7 3 7 5 0 2 1 6 4
14 8 6 0 2 3 4 1 7 5 6
14 9 5 1 2 3 4 0 7 5 6
15 1 14 0 7 4 2 3 1 5 6
14 3 11 2 7 4 0 3 1 5 6
15 5 10 0 7 4 3 2 1 5 6
15 6 9 3 7 4 5 2 1 0 6
15 3 12 3 4 0 2 1 7 5 6
15 3 12 3 7 0 2 1 5 4 6
15 4 11 3 7 4 0 1 5 6 2
15 5 10 1 3 4 2 7 0 5 6
15 8 7 4 3 7 0 2 1 5 6
15 9 6 1 3 7 4 2 0 5 6
15 11 4 1 2 3 4 6 7 5 0
15 7 8 3 7 0 5 2 1 4 6
15 7 8 3 7 4 5 2 1 6 0
15 4 11 3 4 5 2 1 7 0 6
15 4 11 3 4 2 0 1 7 5 6
15 4 11 3 0 7 2 1 5 4 6
15 4 11 3 7 2 0 1 5 4 6
15 5 10 3 7 0 4 1 5 6 2
15 6 9 1 3 4 2 7 5 0 6
15 9 6 4 3 0 7 2 1 5 6
15 8 7 3 0 7 5 2 1 4 6
15 8 7 3 7 5 0 2 1 4 6
15 5 10 3 4 5 2 1 0 7 6
15 5 10 3 4 5 2 1 7 6 0
15 5 10 3 5 7 2 1 0 4 6
15 5 10 0 3 7 2 1 5 4 6
14 7 7 2 3 7 0 1 5 4 6
14 8 6 2 3 0 7 1 5 4 6
15 6 9 3 0 7 4 1 5 6 2
15 7 8 1 3 4 2 7 5 6 0
15 10 5 4 3 5 7 2 1 0 6
15 9 6 3 1 7 5 2 0 4 6
15 9 6 0 3 7 5 2 1 4 6
15 6 9 3 0 5 2 1 4 7 6
15 6 9 3 4 5 0 1 7 6 2
15 6 9 3 5 7 2 1 4 0 6
15 6 9 1 3 7 2 0 5 4 6
14 9 5 1 3 7 0 2 5 4 6
14 10 4 1 3 0 7 2 5 4 6
15 7 8 0 3 7 4 1 5 6 2
15 11 4 4 3 5 7 2 1 6 0
15 10 5 3 1 7 5 2 4 0 6
15 7 8 0 3 5 2 1 4 7 6
14 9 5 2 3 5 0 1 4 7 6
15 7 8 3 5 7 2 1 4 6 0
15 7 8 1 3 7 2 5 0 4 6
15 8 7 1 3 7 4 0 5 6 2
15 11 4 3 1 7 5 2 4 6 0
15 8 7 1 3 5 2 0 4 7 6
14 11 3 1 3 5 0 2 4 7 6
15 12 3 2 3 5 7 1 4 0 6
15 8 7 3 5 7 0 1 4 6 2
15 9 6 1 3 7 4 5 0 6 2
15 14 1 1 3 5 7 2 4 0 6
15 13 2 2 3 5 7 1 4 6 0
15 9 6 3 5 0 7 1 4 6 2
15 10 5 1 3 7 4 5 6 0 2
