0 0 0 3 7 4 2 0 1 5 6
10 1 9 3 7 4 2 1 0 5 6
11 2 9 3 7 4 2 6 1 5 0
11 2 9 3 0 4 2 1 7 5 6
11 2 9 3 7 4 2 1 5 0 6
11 3 8 3 7 4 2 1 5 6 0
12 3 9 3 7 4 0 2 1 5 6
12 3 9 0 3 4 2 1 7 5 6
11 4 7 1 3 4 2 0 7 5 6
12 3 9 3 4 0 2 1 7 5 6
12 5 7 1 3 4 2 7 0 5 6
12 6 6 1 3 4 2 6 7 5 0
12 4 8 3 4 2 0 1 7 5 6
13 1 12 0 7 4 2 3 1 5 6
13 3 10 3 0 4 2 7 1 5 6
12 4 8 3 1 4 2 7 0 5 6
13 3 10 3 7 4 0 6 1 5 2
13 3 10 3 7 4 2 6 1 0 5
13 4 9 3 7 4 0 1 5 6 2
13 4 9 3 7 4 6 2 1 5 0
13 5 8 2 3 4 0 1 7 5 6
13 4 9 3 4 5 2 1 7 0 6
12 5 7 3 4 5 2 1 7 6 0
13 6 7 1 3 4 2 7 5 0 6
13 5 8 3 4 2 6 1 7 5 0
13 4 9 1 7 4 2 3 0 5 6
13 5 8 3 1 4 2 0 7 5 6
13 5 8 3 1 4 2 7 5 0 6
13 5 8 3 4 5 2 1 0 7 6
13 6 7 3 4 5 0 1 7 6 2
13 7 6 1 3 4 2 7 5 6 0
13 6 7 3 1 4 2 7 5 6 0
14 3 11 3 7 0 2 1 5 4 6
14 4 10 3 7 0 4 2 1 5 6
13 5 8 3 7 5 4 2 1 0 6
12 6 6 3 7 5 4 2 1 6 0
13 7 6 3 7 5 0 2 1 6 4
14 6 8 6 3 4 2 1 7 5 0
14 7 7 1 3 4 0 2 7 5 6
14 7 7 1 3 4 2 6 7 0 5
14 2 12 7 0 4 2 3 1 5 6
13 3 10 7 1 4 2 3 0 5 6
14 3 11 2 7 4 0 3 1 5 6
14 4 10 0 3 4 2 7 1 5 6
14 4 10 3 4 0 2 7 1 5 6
14 4 10 3 7 4 2 6 0 1 5
14 6 8 2 3 4 6 1 7 5 0
14 6 8 2 3 0 4 1 7 5 6
14 5 9 1 0 4 2 3 7 5 6
14 5 9 1 7 4 2 0 3 5 6
14 5 9 1 7 4 2 3 5 0 6
14 7 7 3 1 4 2 6 7 5 0
14 4 10 3 0 7 2 1 5 4 6
14 4 10 3 7 2 0 1 5 4 6
14 6 8 3 7 5 4 2 0 1 6
14 8 6 1 3 4 2 6 0 7 5
14 4 10 7 1 4 2 0 3 5 6
14 4 10 7 1 4 2 3 5 0 6
14 5 9 3 4 2 0 7 1 5 6
14 5 9 3 7 4 2 0 6 1 5
14 7 7 2 0 3 4 1 7 5 6
14 6 8 1 7 4 2 3 5 6 0
14 5 9 3 5 7 2 1 0 4 6
14 9 5 1 3 4 2 0 6 7 5
14 5 9 7 1 4 2 3 5 6 0
14 7 7 3 7 4 2 5 6 1 0
14 8 6 0 2 3 4 1 7 5 6
13 9 4 1 2 3 4 0 7 5 6
14 6 8 3 5 7 2 1 4 0 6
13 7 6 3 5 7 2 1 4 6 0
14 11 3 1 3 4 2 5 6 7 0
14 10 4 1 2 3 4 7 0 5 6
14 11 3 1 2 3 4 6 7 5 0
14 8 6 3 5 7 0 1 4 6 2
15 5 10 3 7 4 2 0 5 6 1
15 5 10 0 7 4 3 2 1 5 6
15 6 9 3 7 4 5 2 1 0 6
14 7 7 3 7 4 5 2 1 6 0
15 6 9 7 3 4 2 1 0 5 6
15 6 9 1 0 4 2 7 3 5 6
15 7 8 1 3 4 0 6 7 5 2
15 6 9 0 4 2 3 1 7 5 6
14 7 7 1 4 2 3 0 7 5 6
15 7 8 3 4 2 1 0 7 5 6
15 4 11 6 7 4 2 3 1 5 0
15 4 11 3 7 0 4 6 1 5 2
14 5 9 3 7 5 4 6 1 0 2
14 6 8 3 7 5 4 6 1 2 0
15 5 10 3 7 0 4 1 5 6 2
15 6 9 3 4 2 6 1 7 0 5
15 6 9 3 0 5 2 1 4 7 6
15 6 9 3 4 5 2 0 1 7 6
15 5 10 3 0 7 4 2 1 5 6
14 6 8 3 1 7 4 2 0 5 6
14 7 7 3 1 7 4 0 2 5 6
15 8 7 1 3 4 6 2 7 5 0
15 3 12 7 4 0 2 3 1 5 6
14 4 10 7 4 5 2 3 1 0 6
13 5 8 7 4 5 2 3 1 6 0
14 6 8 7 4 5 0 3 1 6 2
15 4 11 2 7 4 6 3 1 5 0
15 4 11 2 7 0 4 3 1 5 6
15 5 10 7 3 4 2 0 1 5 6
15 6 9 2 3 4 0 7 1 5 6
15 5 10 3 4 5 2 7 1 0 6
14 6 8 3 4 5 2 7 1 6 0
15 5 10 3 0 4 2 6 7 1 5
15 7 8 2 3 5 4 1 7 0 6
14 8 6 2 3 5 4 1 7 6 0
15 6 9 1 4 0 2 3 7 5 6
15 7 8 1 7 4 2 6 3 5 0
15 8 7 1 7 4 0 2 3 5 6
15 5 10 0 3 7 2 1 5 4 6
14 6 8 1 3 7 2 0 5 4 6
14 7 7 1 3 7 2 5 0 4 6
15 5 10 3 7 2 6 1 5 4 0
15 7 8 3 7 2 4 1 5 0 6
15 5 10 0 1 4 2 7 3 5 6
15 6 9 7 1 4 2 6 3 5 0
15 7 8 7 1 4 0 2 3 5 6
15 6 9 3 4 2 6 7 1 5 0
15 8 7 2 7 3 4 1 0 5 6
15 11 4 1 2 3 4 7 5 0 6
15 9 6 3 5 0 7 1 4 6 2
15 6 9 3 7 4 2 5 0 6 1
15 8 7 1 7 4 3 2 0 5 6
15 8 7 1 4 2 3 7 0 5 6
15 9 6 1 4 2 3 6 7 5 0
15 5 10 3 0 7 4 6 1 5 2
14 6 8 3 1 7 4 6 0 5 2
14 7 7 3 1 7 4 0 6 5 2
15 6 9 3 7 5 4 6 0 1 2
15 7 8 3 7 5 0 6 1 2 4
15 6 9 3 0 7 4 1 5 6 2
15 7 8 3 4 2 6 1 0 7 5
15 7 8 0 3 5 2 1 4 7 6
14 8 6 1 3 5 2 0 4 7 6
15 6 9 0 3 7 4 2 1 5 6
15 7 8 3 1 7 4 2 5 0 6
15 9 6 3 1 7 4 6 2 5 0
15 4 11 7 4 2 0 3 1 5 6
15 5 10 7 4 5 2 3 0 1 6
15 5 10 2 7 5 4 3 1 0 6
14 6 8 2 7 5 4 3 1 6 0
15 5 10 2 0 7 4 3 1 5 6
14 6 8 2 1 7 4 3 0 5 6
15 7 8 3 4 5 0 7 1 6 2
15 8 7 2 3 5 4 1 0 7 6
15 9 6 2 3 5 0 1 7 6 4
15 7 8 1 4 2 0 3 7 5 6
15 7 8 2 3 7 0 1 5 4 6
15 8 7 1 3 7 2 6 5 4 0
15 9 6 1 3 7 0 2 5 4 6
15 8 7 1 3 7 2 5 4 0 6
14 9 5 1 3 7 2 5 4 6 0
15 8 7 3 7 2 4 1 5 6 0
15 12 3 1 2 3 4 7 5 6 0
15 10 5 3 0 5 7 1 4 6 2
15 7 8 3 7 4 2 5 6 0 1
15 7 8 3 1 7 4 6 5 0 2
15 9 6 3 1 7 4 2 6 5 0
15 7 8 3 5 7 4 1 0 6 2
15 9 6 2 3 5 0 1 4 7 6
15 10 5 1 3 5 2 6 4 7 0
15 11 4 1 3 5 0 2 4 7 6
15 7 8 2 3 7 4 0 1 5 6
15 9 6 1 3 7 4 2 0 5 6
15 8 7 3 1 7 4 2 5 6 0
15 6 9 7 4 5 2 0 3 1 6
15 7 8 2 7 5 0 3 1 6 4
15 6 9 0 2 7 4 3 1 5 6
14 7 7 3 2 7 4 0 1 5 6
14 8 6 3 2 7 4 1 0 5 6
15 7 8 2 1 7 4 0 3 5 6
15 7 8 2 1 7 4 3 5 0 6
15 10 5 1 3 7 0 5 4 6 2
15 11 4 0 3 5 7 1 4 6 2
14 12 2 1 3 5 7 0 4 6 2
