0 0 0 4 7 3 0 2 1 5 6
10 1 9 4 7 3 6 2 1 5 0
11 1 10 4 7 0 3 2 1 5 6
10 2 8 4 7 5 3 2 1 0 6
9 3 6 4 7 5 3 2 1 6 0
11 3 8 4 7 5 3 2 0 1 6
12 2 10 0 7 3 4 2 1 5 6
11 3 8 2 7 3 4 0 1 5 6
11 4 7 2 7 3 4 1 0 5 6
12 3 9 4 7 3 5 2 1 0 6
11 4 7 4 7 3 5 2 1 6 0
12 3 9 4 7 3 2 0 1 5 6
12 2 10 4 0 7 3 2 1 5 6
11 3 8 4 1 7 3 2 0 5 6
12 4 8 4 7 5 0 2 1 6 3
12 5 7 1 7 3 4 2 0 5 6
12 5 7 2 7 3 4 6 1 5 0
12 5 7 2 0 3 4 1 7 5 6
12 5 7 2 7 3 4 1 5 0 6
12 4 8 4 7 3 2 1 0 5 6
12 3 9 0 4 7 3 2 1 5 6
12 4 8 4 1 7 3 0 2 5 6
12 6 6 1 7 3 4 0 2 5 6
12 6 6 0 2 3 4 1 7 5 6
11 7 4 1 2 3 4 0 7 5 6
12 6 6 2 7 3 4 1 5 6 0
12 6 6 1 4 7 3 2 0 5 6
12 8 4 1 2 3 4 7 0 5 6
12 9 3 1 2 3 4 6 7 5 0
13 2 11 4 7 3 6 2 1 0 5
13 5 8 4 7 5 3 0 1 6 2
13 6 7 0 7 5 3 2 1 6 4
13 4 9 4 7 5 3 0 2 1 6
13 3 10 7 0 3 4 2 1 5 6
12 4 8 7 1 3 4 2 0 5 6
12 5 7 7 1 3 4 0 2 5 6
13 4 9 4 7 3 5 2 0 1 6
13 5 8 4 7 3 2 6 1 5 0
13 4 9 4 1 7 3 2 5 0 6
12 5 7 4 1 7 3 2 5 6 0
13 6 7 1 0 3 4 2 7 5 6
13 6 7 1 7 3 4 2 5 0 6
13 5 8 4 0 3 2 1 7 5 6
13 5 8 4 7 3 2 1 5 0 6
13 4 9 2 4 7 3 0 1 5 6
13 5 8 3 4 7 0 2 1 5 6
13 6 7 4 1 7 3 6 2 5 0
13 8 5 1 7 3 4 6 2 5 0
13 7 6 1 0 7 3 2 4 5 6
13 9 4 1 2 3 4 7 5 0 6
13 6 7 4 7 5 3 1 0 6 2
13 9 4 1 7 5 3 2 0 6 4
13 4 9 7 3 0 4 2 1 5 6
12 5 7 7 3 5 4 2 1 0 6
11 6 5 7 3 5 4 2 1 6 0
12 7 5 7 3 5 0 2 1 6 4
13 5 8 7 1 3 4 2 5 0 6
13 6 7 0 1 3 4 7 2 5 6
13 7 6 7 1 3 4 6 2 5 0
13 7 6 1 7 3 4 2 5 6 0
13 6 7 4 7 3 2 1 5 6 0
13 5 8 2 4 7 3 1 0 5 6
13 10 3 1 2 3 4 7 5 6 0
13 5 8 7 3 4 0 2 1 5 6
13 6 7 7 3 5 4 2 0 1 6
13 6 7 7 1 3 4 2 5 6 0
13 7 6 1 0 3 4 7 2 5 6
14 3 11 4 7 3 6 0 1 5 2
14 4 10 0 7 3 6 2 1 5 4
14 4 10 4 0 5 3 2 7 1 6
14 5 9 6 7 3 4 2 1 5 0
14 6 8 2 0 3 4 7 1 5 6
13 7 6 2 1 3 4 7 0 5 6
14 5 9 4 7 3 0 2 1 6 5
14 6 8 2 7 3 4 6 1 0 5
14 6 8 2 3 0 4 1 7 5 6
14 6 8 6 4 7 3 2 1 5 0
14 5 9 0 1 7 3 4 2 5 6
14 8 6 4 2 3 0 1 7 5 6
14 9 5 6 2 3 4 1 7 5 0
14 7 7 1 4 7 3 0 2 5 6
14 7 7 1 4 7 3 2 5 0 6
13 8 5 1 4 7 3 2 5 6 0
14 10 4 1 2 3 4 6 7 0 5
14 3 11 4 7 3 6 2 0 1 5
14 6 8 0 7 5 3 4 1 6 2
14 7 7 2 7 5 3 0 1 6 4
14 7 7 7 0 5 3 2 1 6 4
13 8 5 7 1 5 3 2 0 6 4
14 8 6 3 7 5 0 2 1 6 4
14 5 9 0 7 5 3 4 2 1 6
14 6 8 4 7 5 3 6 2 1 0
14 5 9 4 1 0 3 2 5 7 6
13 6 7 4 1 3 0 2 5 7 6
14 6 8 0 4 3 2 1 7 5 6
13 7 6 1 4 3 2 0 7 5 6
14 6 8 2 4 7 3 6 1 5 0
14 6 8 3 4 7 6 2 1 5 0
14 6 8 3 4 0 7 2 1 5 6
13 7 6 3 4 5 7 2 1 0 6
12 8 4 3 4 5 7 2 1 6 0
14 8 6 1 7 0 3 2 4 5 6
13 9 4 1 7 5 3 2 4 0 6
12 10 2 1 7 5 3 2 4 6 0
14 9 5 0 3 5 7 2 1 6 4
14 8 6 1 7 3 0 2 5 6 4
14 6 8 2 0 7 3 1 4 5 6
14 6 8 2 4 7 3 1 5 0 6
14 6 8 7 3 4 6 2 1 5 0
14 7 7 7 1 3 0 2 5 6 4
14 4 10 4 7 3 6 1 0 5 2
14 7 7 1 7 3 6 2 0 5 4
14 5 9 0 4 5 3 2 7 1 6
14 7 7 0 2 3 4 7 1 5 6
14 8 6 2 1 3 4 0 7 5 6
14 8 6 2 1 3 4 7 5 0 6
14 6 8 1 0 7 3 4 2 5 6
14 11 3 1 2 3 4 6 0 7 5
14 4 10 4 7 3 6 0 2 1 5
14 9 5 1 7 5 3 4 0 6 2
14 8 6 2 7 5 3 1 0 6 4
14 7 7 4 1 3 6 2 5 7 0
14 8 6 1 4 3 2 7 0 5 6
14 9 5 1 4 3 2 6 7 5 0
14 8 6 3 4 5 7 2 0 1 6
14 9 5 1 7 3 0 2 4 5 6
14 12 2 1 3 5 7 2 0 6 4
14 7 7 2 4 7 3 1 5 6 0
14 9 5 2 1 3 4 7 5 6 0
14 7 7 1 2 7 3 4 0 5 6
14 12 2 1 2 3 4 0 6 7 5
14 6 8 4 7 3 6 5 2 1 0
14 10 4 1 7 5 3 0 4 6 2
