0 0 0 4 6 0 2 1 5 3 7
8 1 7 4 6 3 2 1 5 0 7
7 2 5 4 6 3 2 1 5 7 0
9 1 8 4 6 2 0 1 5 3 7
9 2 7 4 6 3 2 1 0 5 7
10 3 7 4 6 3 0 1 5 7 2
10 2 8 4 6 2 7 1 5 3 0
10 3 7 4 0 3 2 1 6 5 7
11 1 10 4 0 6 2 1 5 3 7
11 4 7 4 6 3 2 0 5 7 1
11 3 8 0 6 2 4 1 5 3 7
10 4 6 1 6 2 4 0 5 3 7
10 5 5 1 6 2 4 5 0 3 7
11 3 8 4 6 3 2 0 1 5 7
11 4 7 0 4 3 2 1 6 5 7
10 5 5 1 4 3 2 0 6 5 7
11 5 6 4 6 3 2 5 0 7 1
11 6 5 1 6 2 4 7 5 3 0
11 6 5 1 0 2 4 5 6 3 7
11 7 4 1 4 3 2 7 6 5 0
11 7 4 1 2 0 4 5 6 3 7
10 8 2 1 2 3 4 5 6 0 7
