0 0 0 0 1 6 3 7 4 2 5
12 1 11 7 1 6 3 0 4 2 5
12 1 11 1 0 6 3 7 4 2 5
13 2 11 3 1 6 0 7 4 2 5
12 5 7 3 1 6 7 0 4 2 5
13 3 10 3 1 6 5 7 4 2 0
12 5 7 3 1 6 5 0 4 2 7
14 2 12 7 1 6 3 4 0 2 5
14 2 12 1 4 6 3 7 0 2 5
14 2 12 1 6 0 3 7 4 2 5
14 6 8 0 1 6 7 3 4 2 5
14 6 8 3 1 6 7 4 0 2 5
14 6 8 0 1 6 5 3 4 2 7
14 6 8 3 1 6 5 4 0 2 7
14 3 11 7 1 6 3 4 2 0 5
14 3 11 1 4 6 3 0 7 2 5
13 5 8 1 4 6 3 5 7 2 0
14 3 11 1 4 6 3 7 2 0 5
14 3 11 1 6 2 3 7 4 0 5
14 3 11 1 6 3 0 7 4 2 5
13 6 7 1 6 3 7 0 4 2 5
14 7 7 1 0 6 7 3 4 2 5
14 7 7 3 1 6 7 4 2 0 5
14 7 7 1 0 6 5 3 4 2 7
14 7 7 3 1 6 5 4 2 0 7
14 4 10 7 1 0 3 4 2 6 5
14 4 10 7 1 6 3 4 2 5 0
14 4 10 1 4 0 3 7 2 6 5
14 4 10 1 4 6 3 7 2 5 0
13 6 7 1 4 6 3 0 2 5 7
13 7 6 1 4 6 3 2 0 5 7
13 8 5 1 0 6 3 2 4 5 7
14 4 10 1 6 2 3 7 0 4 5
14 4 10 1 6 2 3 7 4 5 0
14 4 10 1 6 3 5 7 4 2 0
13 6 7 1 6 3 5 0 4 2 7
14 8 6 3 1 0 7 4 2 6 5
14 8 6 3 1 6 7 4 2 5 0
14 8 6 3 1 0 5 4 2 6 7
14 5 9 7 1 3 0 4 2 6 5
13 7 6 0 1 3 7 4 2 6 5
13 8 5 1 0 3 7 4 2 6 5
13 9 4 1 3 0 7 4 2 6 5
14 5 9 1 0 4 3 7 2 6 5
14 5 9 1 4 3 0 7 2 6 5
13 8 5 1 4 3 7 0 2 6 5
13 9 4 1 4 3 7 2 0 6 5
13 10 3 1 0 3 7 2 4 6 5
13 11 2 1 3 0 7 2 4 6 5
14 5 9 1 0 2 3 7 6 4 5
14 5 9 1 6 2 3 0 7 4 5
13 7 6 1 6 2 3 5 7 4 0
13 8 5 1 6 2 3 5 7 0 4
13 9 4 1 6 2 3 5 0 7 4
13 10 3 1 0 2 3 5 6 7 4
13 11 2 1 2 0 3 5 6 7 4
13 12 1 1 2 3 0 5 6 7 4
