0 0 0 0 1 6 3 7 4 2 5
0 0 7 5 1 6 3 7 4 2 0
0 0 7 5 1 6 3 0 4 2 7
0 0 8 7 1 6 3 0 4 2 5
0 0 7 7 1 6 3 5 4 2 0
0 0 8 5 1 6 3 7 4 0 2
0 0 8 5 1 6 3 4 0 2 7
0 0 8 5 0 6 3 1 4 2 7
0 0 8 5 1 6 0 3 4 2 7
0 0 6 5 1 6 7 3 4 2 0
0 0 7 5 1 6 7 3 4 0 2
0 0 7 5 1 6 7 0 4 2 3
0 0 7 5 1 0 7 3 4 6 2
0 0 7 5 0 1 7 3 4 6 2
0 0 7 5 1 7 0 3 4 6 2
0 0 6 5 1 7 3 0 4 6 2
0 0 4 5 1 7 3 2 4 6 0
0 0 6 5 1 7 0 2 4 6 3
0 0 6 5 1 7 3 2 4 0 6
0 0 6 5 1 0 3 2 4 6 7
0 0 5 5 1 3 0 2 4 6 7
0 0 3 5 1 3 7 2 4 6 0
0 0 5 5 1 3 7 2 4 0 6
0 0 5 5 1 3 7 0 4 6 2
0 0 6 5 1 0 7 2 4 6 3
0 0 6 5 1 6 3 2 4 0 7
0 0 6 5 0 1 3 2 4 6 7
0 0 6 0 1 3 5 2 4 6 7
0 0 4 7 1 3 5 2 4 6 0
0 0 5 1 0 3 5 2 4 6 7
0 0 4 1 3 0 5 2 4 6 7
0 0 2 1 3 5 0 2 4 6 7
