0 0 0 0 5 1 7 3 6 2 4
10 1 9 3 5 1 7 0 6 2 4
11 3 8 3 5 1 7 4 6 2 0
12 1 11 5 0 1 7 3 6 2 4
12 2 10 3 5 1 7 6 0 2 4
12 2 10 5 1 0 7 3 6 2 4
12 3 9 3 5 1 7 6 2 0 4
12 3 9 5 1 2 7 3 6 0 4
12 3 9 5 1 7 0 3 6 2 4
12 4 8 3 5 1 7 6 2 4 0
12 4 8 5 1 7 4 3 6 2 0
13 3 10 4 5 1 7 3 6 2 0
13 4 9 3 0 1 7 5 6 2 4
13 4 9 3 5 1 0 4 6 2 7
13 4 9 3 5 1 7 4 6 0 2
13 6 7 5 1 7 3 0 6 2 4
13 6 7 3 5 1 7 0 2 4 6
13 6 7 5 1 7 4 0 6 2 3
13 5 8 0 3 1 7 5 6 2 4
13 5 8 3 1 0 7 5 6 2 4
13 5 8 3 5 1 7 4 0 6 2
13 7 6 0 1 7 3 5 6 2 4
13 7 6 3 5 1 7 2 0 4 6
13 7 6 0 1 7 4 5 6 2 3
13 6 7 3 1 2 7 5 6 0 4
13 6 7 3 1 7 0 5 6 2 4
13 6 7 3 5 1 7 0 4 6 2
12 8 4 3 5 1 7 2 4 6 0
13 8 5 1 0 7 3 5 6 2 4
13 8 5 3 5 1 7 2 4 0 6
13 8 5 1 0 7 4 5 6 2 3
13 7 6 3 1 7 4 5 6 2 0
14 2 12 5 6 1 7 3 0 2 4
14 3 11 3 0 1 7 6 5 2 4
14 4 10 3 5 0 7 6 2 1 4
14 4 10 5 1 2 7 3 0 6 4
14 4 10 5 1 2 7 3 6 4 0
14 5 9 3 5 1 0 6 2 4 7
14 5 9 5 1 7 4 3 6 0 2
14 9 5 3 5 1 0 2 4 6 7
14 3 11 5 6 1 7 0 3 2 4
14 3 11 5 6 1 7 3 2 0 4
14 4 10 0 3 1 7 6 5 2 4
14 4 10 3 1 0 7 6 5 2 4
14 5 9 3 0 5 7 6 2 1 4
14 5 9 5 1 2 7 0 3 6 4
14 5 9 5 1 2 0 3 6 4 7
14 6 8 5 1 0 4 3 6 7 2
14 4 10 0 6 1 7 5 3 2 4
14 4 10 5 6 1 7 3 2 4 0
14 5 9 3 1 2 7 6 5 0 4
14 5 9 3 1 7 0 6 5 2 4
14 6 8 0 3 5 7 6 2 1 4
14 6 8 0 1 2 7 5 3 6 4
14 6 8 3 1 7 4 6 5 2 0
14 7 7 1 0 2 7 5 3 6 4
14 8 6 1 3 2 7 5 0 6 4
14 8 6 1 2 0 7 5 3 6 4
14 9 5 1 3 2 7 5 6 0 4
14 9 5 1 2 7 0 5 3 6 4
14 10 4 1 2 7 4 5 3 6 0
15 2 13 7 5 1 0 3 6 2 4
15 3 12 6 5 1 7 3 0 2 4
15 4 11 3 5 1 0 7 6 2 4
15 5 10 0 1 7 5 3 6 2 4
15 6 9 5 1 7 2 3 6 0 4
15 7 8 5 1 0 4 3 6 2 7
15 4 11 4 5 1 0 3 6 2 7
15 4 11 4 5 1 7 3 6 0 2
15 5 10 3 6 1 7 5 0 2 4
15 5 10 3 5 0 1 4 6 2 7
15 5 10 3 5 0 7 4 6 1 2
15 7 8 5 1 7 3 6 0 2 4
15 7 8 0 5 1 7 3 2 4 6
15 7 8 5 1 7 4 6 0 2 3
15 6 9 5 3 1 7 0 6 2 4
15 6 9 3 0 1 7 4 5 6 2
15 8 7 3 0 1 7 2 5 4 6
15 7 8 3 1 2 7 5 0 6 4
15 7 8 3 1 2 7 5 6 4 0
15 7 8 0 5 1 7 3 4 6 2
15 9 6 1 6 7 3 5 0 2 4
15 9 6 1 7 0 3 5 6 2 4
15 9 6 3 5 0 7 2 4 1 6
15 9 6 1 6 7 4 5 0 2 3
15 9 6 1 7 0 4 5 6 2 3
15 8 7 3 1 7 4 5 6 0 2
15 6 9 5 1 2 7 0 6 4 3
15 5 10 5 6 1 7 4 3 2 0
15 7 8 5 1 2 7 4 3 6 0
15 8 7 5 1 2 4 3 6 0 7
15 8 7 5 1 2 3 0 6 4 7
15 7 8 0 1 7 3 6 5 2 4
15 3 12 7 5 1 4 3 6 2 0
15 4 11 6 5 1 7 0 3 2 4
15 4 11 6 5 1 7 3 2 0 4
15 5 10 3 5 1 4 7 6 2 0
15 6 9 3 1 7 5 0 6 2 4
15 6 9 1 0 7 5 3 6 2 4
15 7 8 5 1 0 2 3 6 7 4
15 5 10 4 5 1 7 3 0 6 2
15 6 9 3 6 1 7 5 2 0 4
15 6 9 3 0 5 1 4 6 2 7
15 6 9 3 0 5 7 4 6 1 2
15 8 7 5 1 7 3 6 2 0 4
15 8 7 5 1 7 4 6 2 0 3
15 7 8 0 3 1 7 4 5 6 2
15 7 8 3 1 0 7 4 5 6 2
15 9 6 0 3 1 7 2 5 4 6
15 9 6 3 1 0 7 2 5 4 6
15 8 7 3 1 2 0 5 6 4 7
15 10 5 1 6 7 3 5 2 0 4
15 10 5 1 7 2 3 5 6 0 4
15 10 5 1 7 3 0 5 6 2 4
15 10 5 3 0 5 7 2 4 1 6
15 10 5 1 6 7 4 5 2 0 3
15 10 5 1 7 2 4 5 6 0 3
15 9 6 3 1 0 4 5 6 7 2
15 7 8 0 1 2 7 5 6 4 3
15 9 6 5 1 2 4 3 6 7 0
15 9 6 0 1 2 3 5 6 4 7
15 8 7 1 0 7 3 6 5 2 4
15 5 10 0 5 1 7 6 3 2 4
15 5 10 6 5 1 7 3 2 4 0
15 8 7 5 1 2 0 3 6 7 4
15 6 9 4 5 1 7 0 3 6 2
14 8 6 4 5 1 7 2 3 6 0
15 7 8 0 3 5 1 4 6 2 7
14 9 5 1 3 5 0 4 6 2 7
14 10 4 1 3 5 7 4 6 2 0
15 7 8 0 3 5 7 4 6 1 2
15 9 6 5 1 0 3 6 2 7 4
15 9 6 5 1 0 4 6 2 7 3
15 9 6 5 1 7 4 6 2 3 0
15 11 4 1 6 0 3 5 2 7 4
15 11 4 1 7 3 4 5 6 2 0
15 11 4 0 3 5 7 2 4 1 6
15 11 4 1 6 0 4 5 2 7 3
15 11 4 1 6 7 4 5 2 3 0
15 11 4 1 7 2 4 5 6 3 0
15 8 7 1 0 2 7 5 6 4 3
15 10 5 1 0 2 3 5 6 4 7
15 7 8 0 5 1 7 4 3 6 2
15 10 5 5 1 3 0 6 2 7 4
15 12 3 1 6 3 0 5 2 7 4
15 9 6 1 2 0 7 5 6 4 3
15 11 4 1 2 0 3 5 6 4 7
15 11 4 5 1 3 4 6 2 7 0
15 13 2 1 6 3 4 5 2 7 0
15 10 5 1 2 4 7 5 6 0 3
15 10 5 1 2 7 0 5 6 4 3
15 12 3 1 2 4 3 5 6 0 7
15 12 3 1 2 3 0 5 6 4 7
15 11 4 1 2 4 7 5 6 3 0
15 11 4 1 2 7 3 5 6 4 0
15 13 2 1 2 4 3 5 6 7 0
15 12 3 1 2 4 0 5 6 3 7
15 12 3 1 2 7 3 5 6 0 4
15 13 2 1 2 0 4 5 6 3 7
15 13 2 1 2 0 3 5 6 7 4
15 14 1 1 2 3 4 5 6 0 7
15 14 1 1 2 3 0 5 6 7 4
