0 0 0 0 5 1 7 3 6 2 4
0 0 9 3 5 1 7 0 6 2 4
0 0 8 3 5 1 7 4 6 2 0
0 0 9 3 0 1 7 5 6 2 4
0 0 8 0 3 1 7 5 6 2 4
0 0 8 3 1 0 7 5 6 2 4
0 0 7 3 1 2 7 5 6 0 4
0 0 7 3 1 7 0 5 6 2 4
0 0 6 3 1 7 4 5 6 2 0
0 0 6 0 1 7 3 5 6 2 4
0 0 5 1 0 7 3 5 6 2 4
0 0 6 0 1 7 4 5 6 2 3
0 0 5 1 0 7 4 5 6 2 3
0 0 6 3 1 0 4 5 6 2 7
0 0 5 3 1 2 4 5 6 0 7
0 0 4 3 1 2 4 5 6 7 0
0 0 4 0 1 2 4 5 6 7 3
0 0 3 1 0 2 4 5 6 7 3
0 0 2 1 2 0 4 5 6 7 3
0 0 3 1 2 7 4 5 6 0 3
0 0 2 1 2 7 4 5 6 3 0
0 0 2 1 2 0 4 5 6 3 7
0 0 1 1 2 3 4 5 6 0 7
