0 0 0 7 5 2 6 3 0 4 1
16 1 15 7 5 2 6 0 3 4 1
15 3 12 7 5 2 6 1 3 4 0
15 4 11 7 5 2 0 1 3 4 6
14 6 8 0 5 2 7 1 3 4 6
14 7 7 1 5 2 7 0 3 4 6
16 1 15 7 5 2 6 3 4 0 1
16 6 10 0 5 2 6 1 3 4 7
16 7 9 5 0 2 7 1 3 4 6
16 8 8 1 5 2 7 3 0 4 6
16 2 14 7 5 0 6 3 4 2 1
16 2 14 7 5 2 6 3 4 1 0
16 7 9 1 5 2 6 0 3 4 7
16 8 8 5 3 2 7 1 0 4 6
16 8 8 5 2 0 7 1 3 4 6
16 9 7 1 5 2 7 3 4 0 6
16 3 13 7 0 5 6 3 4 2 1
16 3 13 7 5 6 0 3 4 2 1
15 5 10 0 5 6 7 3 4 2 1
14 8 6 1 5 6 7 3 4 2 0
15 6 9 3 5 6 7 0 4 2 1
14 8 6 3 5 6 7 1 4 2 0
16 3 13 7 5 2 0 3 4 1 6
15 5 10 0 5 2 7 3 4 1 6
15 6 9 3 5 2 7 0 4 1 6
16 9 7 5 3 2 7 1 4 0 6
16 10 6 1 5 0 7 3 4 2 6
16 10 6 1 5 2 7 3 4 6 0
16 4 12 0 7 5 6 3 4 2 1
15 7 8 1 7 5 6 3 4 2 0
15 8 7 1 7 5 0 3 4 2 6
16 4 12 7 5 6 1 3 4 2 0
16 9 7 1 5 6 0 3 4 2 7
16 9 7 1 5 6 7 3 4 0 2
16 9 7 3 5 6 0 1 4 2 7
16 9 7 3 5 6 7 1 4 0 2
16 10 6 5 3 0 7 1 4 2 6
16 10 6 5 3 2 7 1 4 6 0
16 11 5 1 0 5 7 3 4 2 6
16 5 11 3 7 5 6 0 4 2 1
15 7 8 3 7 5 6 1 4 2 0
15 8 7 3 7 5 0 1 4 2 6
16 10 6 1 5 0 7 3 4 6 2
16 10 6 3 5 0 7 1 4 6 2
16 11 5 1 0 5 7 3 4 6 2
16 11 5 3 0 5 7 1 4 6 2
16 12 4 0 3 5 7 1 4 6 2
16 13 3 1 3 5 7 0 4 6 2
