0 0 0 4 6 7 3 0 5 2 1
10 1 9 4 6 7 3 5 0 2 1
10 2 8 4 6 7 3 1 5 2 0
10 2 8 4 6 7 3 5 2 0 1
10 3 7 4 6 7 3 5 2 1 0
11 2 9 4 0 7 3 5 6 2 1
11 3 8 4 6 0 3 5 2 7 1
10 4 6 4 6 3 0 5 2 7 1
9 5 4 4 6 3 1 5 2 7 0
12 3 9 4 6 7 3 1 5 0 2
12 3 9 0 4 7 3 5 6 2 1
11 6 5 1 4 7 3 5 6 2 0
12 6 6 0 6 3 4 5 2 7 1
11 9 2 1 6 3 4 5 2 7 0
12 6 6 4 6 3 1 5 2 0 7
13 1 12 0 6 7 3 4 5 2 1
12 4 8 1 6 7 3 4 5 2 0
13 3 10 4 6 7 0 1 5 2 3
13 4 9 4 6 7 0 5 2 1 3
13 3 10 4 7 0 3 5 6 2 1
12 4 8 4 7 2 3 5 6 0 1
12 4 8 4 7 3 0 5 6 2 1
11 5 6 4 7 3 1 5 6 2 0
12 5 7 4 7 2 3 5 6 1 0
13 4 9 4 0 6 3 5 2 7 1
12 5 7 4 2 6 3 5 0 7 1
13 7 6 4 6 3 1 0 2 7 5
13 4 9 4 6 0 3 1 5 7 2
12 5 7 4 6 3 0 1 5 7 2
11 6 5 4 6 3 2 1 5 7 0
13 4 9 4 6 7 3 1 0 5 2
13 4 9 5 4 7 3 0 6 2 1
13 5 8 3 4 7 0 5 6 2 1
12 6 6 3 4 7 1 5 6 2 0
13 7 6 1 4 7 3 5 6 0 2
13 7 6 5 6 3 4 0 2 7 1
13 6 7 4 7 3 1 5 6 0 2
13 6 7 5 4 7 3 1 6 2 0
13 9 4 5 6 3 4 1 2 7 0
14 3 11 4 0 7 3 6 5 2 1
14 3 11 4 6 7 0 3 5 2 1
13 4 9 4 6 7 1 3 5 2 0
14 5 9 4 6 7 3 0 2 1 5
14 8 6 0 6 3 1 5 2 7 4
14 7 7 1 4 7 0 5 6 2 3
14 7 7 6 0 3 4 5 2 7 1
13 8 5 6 2 3 4 5 0 7 1
14 9 5 2 6 3 4 5 0 7 1
14 10 4 1 6 3 0 5 2 7 4
14 10 4 1 6 3 4 5 2 0 7
14 7 7 4 6 3 1 5 0 2 7
14 2 12 6 0 7 3 4 5 2 1
13 3 10 6 5 7 3 4 0 2 1
13 4 9 6 5 7 3 0 4 2 1
13 6 7 6 5 7 3 1 4 2 0
14 3 11 3 6 7 0 4 5 2 1
13 4 9 3 6 7 1 4 5 2 0
14 4 10 5 6 7 3 4 0 2 1
14 5 9 1 6 7 3 4 5 0 2
14 6 8 1 6 7 3 0 5 2 4
14 5 9 4 7 2 3 5 0 6 1
14 6 8 0 7 3 4 5 6 2 1
13 9 4 1 7 3 4 5 6 2 0
14 7 7 4 7 3 2 5 6 0 1
14 5 9 0 4 6 3 5 2 7 1
13 8 5 1 4 6 3 5 2 7 0
14 6 8 4 2 6 3 0 5 7 1
14 6 8 4 2 6 3 5 7 0 1
14 7 7 0 6 3 4 1 5 7 2
13 8 5 1 6 3 4 0 5 7 2
13 9 4 1 6 3 4 5 0 7 2
14 7 7 4 6 3 2 1 5 0 7
14 5 9 4 0 7 3 1 6 5 2
14 5 9 5 4 7 3 6 0 2 1
14 7 7 3 4 7 1 5 6 0 2
14 8 6 1 4 0 3 5 6 7 2
13 9 4 1 4 3 0 5 6 7 2
12 10 2 1 4 3 2 5 6 7 0
14 4 10 4 5 7 3 6 0 2 1
14 4 10 6 5 7 3 4 2 0 1
14 5 9 0 5 7 3 6 4 2 1
13 8 5 1 5 7 3 6 4 2 0
14 5 9 5 6 7 3 0 4 2 1
14 6 8 1 6 7 3 4 0 5 2
14 7 7 1 6 7 3 5 0 2 4
14 8 6 4 7 3 2 5 6 1 0
14 8 6 4 2 6 3 1 5 7 0
14 7 7 4 2 6 3 5 7 1 0
14 10 4 2 6 3 4 1 5 7 0
14 10 4 1 6 3 4 2 5 7 0
14 10 4 1 0 3 4 5 6 7 2
14 5 9 6 5 7 3 4 2 1 0
14 7 7 5 6 7 3 1 4 2 0
14 7 7 1 6 7 3 0 4 5 2
14 8 6 1 6 7 3 5 2 0 4
14 9 5 1 6 7 3 2 4 5 0
15 5 10 0 6 7 3 1 5 2 4
15 5 10 4 6 0 3 1 5 2 7
14 6 8 4 6 2 3 1 5 0 7
13 7 6 4 6 2 3 1 5 7 0
14 6 8 4 6 3 0 1 5 2 7
15 6 9 0 6 7 3 5 2 1 4
15 6 9 4 6 0 3 5 2 1 7
14 7 7 4 6 1 3 5 2 0 7
13 8 5 4 6 1 3 5 2 7 0
14 7 7 4 6 3 0 5 2 1 7
15 7 8 4 6 3 7 5 2 0 1
15 7 8 4 6 3 5 0 2 7 1
15 8 7 1 4 7 3 0 6 2 5
15 11 4 1 6 3 4 0 2 7 5
15 7 8 4 6 0 1 5 2 3 7
15 5 10 1 6 7 0 4 5 2 3
15 5 10 0 6 7 4 1 5 2 3
14 6 8 1 6 7 4 0 5 2 3
14 7 7 1 6 7 4 5 0 2 3
14 8 6 1 6 7 4 5 2 0 3
13 9 4 1 6 7 4 5 2 3 0
15 6 9 4 6 7 2 1 5 0 3
14 7 7 4 6 7 2 1 5 3 0
15 6 9 0 6 7 4 5 2 1 3
15 7 8 4 6 7 1 5 2 0 3
14 8 6 4 6 7 1 5 2 3 0
15 7 8 4 7 3 1 0 6 2 5
15 6 9 4 7 2 0 5 6 1 3
15 8 7 4 6 3 1 2 0 7 5
15 5 10 4 0 6 3 1 5 7 2
15 8 7 4 6 3 1 0 5 7 2
15 8 7 4 6 3 2 0 5 7 1
15 5 10 4 6 7 3 0 1 5 2
15 8 7 3 4 7 2 5 6 0 1
15 8 7 1 4 7 3 5 0 6 2
15 8 7 5 6 3 4 2 0 7 1
15 7 8 4 7 3 1 5 0 6 2
15 7 8 5 4 7 3 1 6 0 2
15 4 11 0 4 7 3 6 5 2 1
14 7 7 1 4 7 3 6 5 2 0
15 5 10 4 6 7 1 3 5 0 2
15 9 6 5 6 3 1 0 2 7 4
15 9 6 6 2 3 4 0 5 7 1
15 9 6 6 2 3 4 5 7 0 1
15 10 5 2 0 3 4 5 6 7 1
15 8 7 4 0 3 1 5 6 2 7
15 3 12 6 7 0 3 4 5 2 1
15 7 8 6 5 7 3 1 4 0 2
15 4 11 3 6 0 7 4 5 2 1
15 6 9 3 6 7 4 0 5 2 1
15 5 10 3 6 7 1 4 5 0 2
15 6 9 3 6 7 1 0 5 2 4
15 5 10 5 0 7 3 4 6 2 1
15 5 10 5 6 7 3 4 2 0 1
15 6 9 1 6 0 3 4 5 7 2
14 7 7 1 6 3 0 4 5 7 2
13 8 5 1 6 3 2 4 5 7 0
15 6 9 4 0 2 3 5 7 6 1
15 7 8 5 7 3 4 0 6 2 1
15 7 8 7 0 3 4 5 6 2 1
15 10 5 1 7 3 4 5 6 0 2
15 6 9 5 4 6 3 0 2 7 1
15 7 8 3 4 6 0 5 2 7 1
14 8 6 3 4 6 1 5 2 7 0
15 7 8 4 2 0 3 5 7 6 1
14 8 6 4 2 3 0 5 7 6 1
13 9 4 4 2 3 1 5 7 6 0
15 10 5 1 6 3 4 5 7 0 2
15 8 7 4 6 3 2 1 0 5 7
15 6 9 0 4 7 3 1 6 5 2
14 7 7 1 4 7 3 0 6 5 2
14 9 5 1 4 7 3 2 6 5 0
15 6 9 5 0 7 3 6 4 2 1
15 6 9 5 4 7 3 6 2 0 1
15 8 7 3 4 0 1 5 6 7 2
15 9 6 1 0 4 3 5 6 7 2
15 11 4 1 4 3 2 5 6 0 7
15 5 10 4 5 7 3 0 6 2 1
15 5 10 4 5 7 3 6 2 0 1
15 7 8 3 5 7 0 6 4 2 1
14 8 6 3 5 7 1 6 4 2 0
15 9 6 1 5 7 3 6 4 0 2
15 7 8 1 0 7 3 4 6 5 2
15 8 7 1 0 7 3 5 6 2 4
15 9 6 1 6 0 3 5 2 7 4
15 9 6 1 6 7 3 5 2 4 0
15 7 8 4 6 2 3 1 0 5 7
15 7 8 4 6 3 7 1 5 2 0
15 8 7 4 6 3 7 5 2 1 0
15 9 6 4 6 3 5 1 2 7 0
15 8 7 4 6 1 0 5 2 3 7
15 8 7 3 6 7 4 1 5 2 0
15 8 7 1 6 7 4 3 5 2 0
15 8 7 1 0 7 4 5 6 2 3
15 9 6 1 6 0 4 5 2 7 3
15 9 6 3 6 7 4 5 2 1 0
15 9 6 4 6 3 1 5 0 7 2
15 9 6 4 6 3 2 5 0 7 1
15 9 6 3 4 7 2 5 6 1 0
15 8 7 5 4 7 3 1 0 6 2
15 11 4 6 2 3 4 1 5 7 0
15 10 5 6 2 3 4 5 7 1 0
15 11 4 0 2 3 4 5 6 7 1
