0 0 0 0 2 7 1 6 4 5 3
11 2 9 1 2 7 0 6 4 5 3
11 3 8 1 2 7 3 6 4 5 0
11 3 8 1 2 0 7 6 4 5 3
11 4 7 1 2 5 7 6 4 0 3
11 5 6 1 2 5 7 6 4 3 0
12 1 11 2 0 7 1 6 4 5 3
12 5 7 1 2 7 3 0 4 5 6
12 7 5 1 2 5 7 0 4 3 6
13 3 10 3 2 7 1 6 4 5 0
13 4 9 1 2 7 3 6 4 0 5
13 4 9 1 0 2 7 6 4 5 3
13 5 8 1 2 5 7 6 0 4 3
13 6 7 1 2 5 0 6 4 3 7
13 8 5 1 0 7 3 2 4 5 6
13 10 3 1 0 5 7 2 4 3 6
13 5 8 1 2 0 3 6 4 7 5
13 5 8 1 2 7 3 6 0 4 5
13 6 7 1 0 5 7 6 2 4 3
13 6 7 1 2 5 7 0 6 4 3
13 6 7 1 2 3 0 6 4 7 5
13 6 7 1 2 7 3 0 6 4 5
12 8 4 1 2 7 3 5 6 4 0
12 9 3 1 2 7 3 5 6 0 4
12 10 2 1 2 0 3 5 6 7 4
12 11 1 1 2 3 0 5 6 7 4
