0 0 0 0 2 7 1 6 4 5 3
10 1 9 2 0 7 1 6 4 5 3
10 2 8 1 2 7 0 6 4 5 3
9 3 6 1 2 7 3 6 4 5 0
10 3 7 3 2 7 1 6 4 5 0
11 1 10 6 2 7 1 0 4 5 3
11 3 8 4 2 7 1 6 0 5 3
11 2 9 2 4 7 1 6 0 5 3
11 2 9 2 7 0 1 6 4 5 3
10 3 7 2 7 5 1 6 4 0 3
10 4 6 2 7 5 1 6 4 3 0
11 3 8 1 2 0 7 6 4 5 3
10 4 6 1 2 5 7 6 4 0 3
10 5 5 1 2 5 7 6 4 3 0
11 4 7 1 2 7 3 6 4 0 5
11 4 7 4 2 7 1 0 6 5 3
11 3 8 2 4 7 1 0 6 5 3
11 3 8 2 7 1 0 6 4 5 3
10 4 6 2 7 1 3 6 4 5 0
12 5 7 1 2 7 3 0 4 5 6
12 4 8 3 2 7 1 6 4 0 5
12 2 10 6 2 7 1 4 0 5 3
12 3 9 6 2 7 1 3 4 5 0
12 4 8 4 2 7 1 6 5 0 3
11 5 6 4 2 7 1 6 5 3 0
12 3 9 2 4 7 1 6 5 0 3
11 4 7 2 4 7 1 6 5 3 0
12 4 8 2 7 5 1 6 0 4 3
12 4 8 1 0 2 7 6 4 5 3
12 5 7 1 2 5 7 6 0 4 3
12 5 7 1 2 0 3 6 4 7 5
11 6 5 1 2 3 0 6 4 7 5
12 5 7 1 2 7 3 6 0 4 5
12 6 6 4 2 7 1 3 6 5 0
12 5 7 2 4 7 1 3 6 5 0
12 7 5 1 2 3 5 6 4 7 0
12 6 6 1 2 7 3 0 6 4 5
12 8 4 1 2 7 3 5 6 4 0
13 5 8 1 2 7 5 6 4 0 3
13 4 9 3 2 7 0 6 4 5 1
13 5 8 3 2 7 1 0 4 5 6
13 4 9 6 0 7 1 2 4 5 3
13 5 8 2 7 5 0 6 4 3 1
13 6 7 2 7 5 1 0 4 3 6
13 6 7 1 2 5 0 6 4 3 7
13 7 6 1 2 5 7 0 4 3 6
13 4 9 0 4 7 1 2 6 5 3
13 5 8 2 7 1 3 6 4 0 5
13 6 7 2 7 1 3 0 4 5 6
13 6 7 1 2 7 3 4 0 5 6
13 5 8 3 2 0 1 6 4 7 5
13 5 8 3 2 7 1 6 0 4 5
13 3 10 6 2 7 1 4 5 0 3
12 4 8 6 2 7 1 4 5 3 0
13 5 8 4 2 0 1 6 5 7 3
13 4 9 2 4 0 1 6 5 7 3
13 5 8 2 7 5 1 0 6 4 3
13 5 8 1 4 2 7 6 0 5 3
13 6 7 1 0 5 7 6 2 4 3
13 6 7 1 2 5 7 0 6 4 3
13 9 4 1 2 7 3 5 6 0 4
13 6 7 1 2 7 5 6 4 3 0
13 6 7 1 4 7 0 2 6 5 3
12 7 5 1 4 7 3 2 6 5 0
13 7 6 3 4 7 1 2 6 5 0
13 6 7 3 2 1 0 6 4 7 5
13 6 7 3 2 7 1 0 6 4 5
13 6 7 4 2 1 0 6 5 7 3
12 7 5 4 2 1 3 6 5 7 0
13 5 8 2 4 1 0 6 5 7 3
12 6 6 2 4 1 3 6 5 7 0
13 8 5 3 2 7 1 5 6 4 0
14 5 9 1 2 7 6 0 4 5 3
14 6 8 1 2 0 3 6 4 5 7
13 7 6 1 2 5 3 6 4 0 7
13 7 6 1 2 3 0 6 4 5 7
13 8 5 1 2 3 7 6 4 5 0
14 4 10 6 2 7 0 1 4 5 3
13 5 8 6 2 7 3 1 4 5 0
14 4 10 4 0 7 1 6 2 5 3
14 5 9 0 2 7 1 4 6 5 3
14 7 7 4 2 7 0 1 6 5 3
13 8 5 4 2 7 3 1 6 5 0
14 6 8 2 4 7 0 1 6 5 3
13 7 6 2 4 7 3 1 6 5 0
14 6 8 2 7 1 5 6 4 0 3
14 8 6 1 0 7 3 2 4 5 6
14 3 11 6 0 7 1 4 2 5 3
14 4 10 6 2 7 1 3 4 0 5
14 6 8 4 2 7 0 6 5 3 1
14 7 7 4 2 7 1 0 5 3 6
14 5 9 2 4 7 0 6 5 3 1
14 6 8 2 4 7 1 0 5 3 6
14 5 9 0 1 2 7 6 4 5 3
14 6 8 1 0 2 3 6 4 7 5
13 7 6 1 4 2 3 6 0 7 5
13 8 5 1 4 2 3 0 6 7 5
13 10 3 1 4 2 3 5 6 7 0
14 7 7 4 2 7 1 3 6 0 5
14 6 8 2 4 7 1 3 6 0 5
14 5 9 3 2 0 7 6 4 5 1
13 6 7 3 2 5 7 6 4 0 1
13 7 6 3 2 5 7 6 4 1 0
14 6 8 3 2 7 1 4 0 5 6
14 5 9 6 4 7 1 2 0 5 3
14 5 9 0 6 7 1 2 4 5 3
14 5 9 6 7 0 1 2 4 5 3
13 6 7 6 7 5 1 2 4 0 3
13 7 6 6 7 5 1 2 4 3 0
14 7 7 0 7 5 1 2 4 3 6
14 7 7 0 7 1 3 2 4 5 6
14 7 7 1 2 7 3 4 5 0 6
14 4 10 6 2 0 1 4 5 7 3
14 6 8 6 2 7 1 0 5 3 4
14 5 9 2 0 4 1 6 5 7 3
14 6 8 0 7 5 1 2 6 4 3
14 7 7 2 7 5 1 3 6 4 0
14 6 8 1 4 2 7 0 6 5 3
14 8 6 1 2 5 7 3 6 4 0
14 10 4 1 2 0 3 5 6 7 4
13 11 2 1 2 3 0 5 6 7 4
