0 0 0 2 7 3 4 0 6 1 5
7 2 5 2 7 3 4 5 6 1 0
9 1 8 2 7 3 4 6 0 1 5
9 3 6 2 7 3 4 5 6 0 1
10 1 9 0 7 3 4 2 6 1 5
10 3 7 2 0 3 4 7 6 1 5
10 3 7 2 7 3 0 5 6 1 4
10 2 8 2 0 3 4 6 7 1 5
10 2 8 2 7 3 4 6 1 0 5
10 4 6 0 2 3 4 7 6 1 5
10 3 7 0 2 3 4 6 7 1 5
10 3 7 2 7 3 4 6 1 5 0
11 4 7 2 7 3 4 5 0 6 1
11 2 9 7 0 3 4 2 6 1 5
11 4 7 5 7 3 4 2 6 1 0
11 4 7 2 6 3 4 7 0 1 5
11 5 6 7 2 3 4 0 6 1 5
11 7 4 5 2 3 4 7 6 1 0
11 4 7 6 2 3 4 0 7 1 5
11 6 5 5 2 3 4 6 7 1 0
11 7 4 7 2 3 4 5 6 1 0
11 6 5 6 2 3 4 5 7 1 0
12 3 9 2 7 3 0 4 6 1 5
12 4 8 2 7 0 4 5 6 3 1
12 3 9 4 7 3 0 2 6 1 5
12 4 8 2 3 0 4 7 6 1 5
11 5 6 2 3 1 4 7 6 0 5
11 6 5 2 3 1 4 7 6 5 0
12 6 6 2 7 3 1 5 6 0 4
12 3 9 2 3 0 4 6 7 1 5
11 4 7 2 3 1 4 6 7 0 5
11 5 6 2 3 1 4 6 0 7 5
11 5 6 2 3 1 4 6 7 5 0
11 6 5 2 3 1 4 0 6 7 5
11 8 3 2 3 1 4 5 6 7 0
12 6 6 4 2 3 0 7 6 1 5
12 5 7 4 2 3 0 6 7 1 5
12 5 7 2 0 3 4 5 7 6 1
12 3 9 7 6 3 4 2 0 1 5
12 5 7 2 6 3 4 0 7 1 5
12 5 7 2 6 3 4 7 1 0 5
12 5 7 6 2 3 4 7 0 1 5
12 4 8 2 7 3 5 4 6 1 0
12 5 7 2 0 7 4 5 6 3 1
12 4 8 4 7 3 5 2 6 1 0
12 6 6 0 2 3 4 5 7 6 1
11 9 2 1 2 3 4 5 7 6 0
12 4 8 7 6 3 4 0 2 1 5
12 7 5 2 6 3 4 5 7 1 0
12 6 6 2 6 3 4 7 1 5 0
12 6 6 0 2 7 4 5 6 3 1
11 9 2 1 2 7 4 5 6 3 0
12 6 6 7 6 3 4 5 2 1 0
13 5 8 0 7 3 4 5 6 1 2
13 4 9 2 7 0 3 5 6 1 4
12 5 7 2 7 1 3 5 6 0 4
13 5 8 0 7 3 2 5 6 1 4
13 3 10 2 7 0 4 6 1 3 5
13 6 7 7 2 3 4 6 0 1 5
13 4 9 2 7 3 0 6 1 5 4
13 5 8 2 7 3 4 0 1 5 6
13 5 8 2 7 3 4 0 5 6 1
13 3 10 7 3 0 4 2 6 1 5
12 4 8 7 3 1 4 2 6 0 5
11 5 6 7 3 1 4 2 6 5 0
12 5 7 7 3 1 4 2 0 6 5
12 6 6 7 3 1 0 2 6 5 4
13 5 8 5 7 3 0 2 6 1 4
13 5 8 5 7 3 4 2 6 0 1
13 8 5 5 2 3 4 7 6 0 1
13 7 6 5 2 3 4 6 7 0 1
13 8 5 7 2 3 4 5 6 0 1
13 7 6 6 2 3 4 5 7 0 1
13 5 8 2 7 4 0 5 6 3 1
12 6 6 2 7 4 1 5 6 3 0
13 5 8 2 3 4 0 7 6 1 5
13 6 7 2 3 1 4 7 0 6 5
13 7 6 2 7 3 1 5 6 4 0
13 4 9 2 3 4 0 6 7 1 5
13 7 6 4 2 3 5 7 6 1 0
13 6 7 4 2 3 5 6 7 1 0
13 4 9 7 6 3 4 2 1 0 5
13 6 7 6 2 3 4 7 1 0 5
13 6 7 2 6 7 4 5 0 3 1
13 7 6 5 2 3 4 0 7 6 1
13 10 3 1 2 3 4 5 7 0 6
13 5 8 0 6 3 4 7 2 1 5
13 7 6 5 2 7 4 0 6 3 1
13 5 8 2 0 7 3 5 6 1 4
13 6 7 2 7 1 3 5 6 4 0
13 4 9 2 0 7 4 6 1 3 5
12 5 7 2 1 7 4 6 0 3 5
12 6 6 2 1 7 4 0 6 3 5
12 8 4 2 1 7 4 5 6 3 0
13 6 7 2 7 3 4 1 0 5 6
13 7 6 2 7 3 4 1 5 6 0
13 4 9 7 3 4 0 2 6 1 5
12 5 7 7 3 4 5 2 6 1 0
13 8 5 5 2 3 4 6 0 7 1
13 8 5 6 2 3 4 5 0 7 1
13 5 8 7 6 3 4 2 1 5 0
13 7 6 6 2 3 4 7 1 5 0
13 9 4 5 2 3 4 1 7 6 0
13 11 2 1 2 3 4 5 0 7 6
13 9 4 5 2 7 4 1 6 3 0
13 6 7 0 2 7 3 5 6 1 4
13 5 8 0 2 7 4 6 1 3 5
13 9 4 5 2 3 4 0 6 7 1
13 8 5 1 2 7 4 6 0 3 5
13 11 2 5 2 3 4 1 6 7 0
13 9 4 1 2 7 4 0 6 3 5
14 5 9 2 7 0 4 5 6 1 3
13 6 7 2 7 1 4 5 6 0 3
12 7 5 2 7 1 4 5 6 3 0
14 4 10 6 7 3 4 2 0 1 5
14 6 8 5 7 3 4 0 6 1 2
14 8 6 5 2 3 0 7 6 1 4
14 9 5 5 2 3 4 0 6 1 7
14 7 7 5 2 3 0 6 7 1 4
14 8 6 5 2 3 4 0 7 1 6
14 8 6 7 2 3 0 5 6 1 4
14 7 7 6 2 3 0 5 7 1 4
14 6 8 2 7 3 1 4 6 0 5
14 6 8 4 7 3 1 2 6 0 5
14 6 8 4 7 3 2 0 6 1 5
14 7 7 2 3 1 0 7 6 5 4
14 8 6 2 3 1 4 0 6 5 7
14 7 7 2 7 3 1 5 0 6 4
14 6 8 2 0 1 4 6 3 7 5
14 6 8 2 3 1 0 6 7 5 4
14 7 7 2 3 1 4 0 7 5 6
14 7 7 0 3 1 4 2 6 7 5
14 9 5 2 3 1 0 5 6 7 4
14 9 5 2 3 1 4 5 6 0 7
14 9 5 4 2 3 1 7 6 0 5
14 8 6 4 2 3 1 6 7 0 5
14 6 8 2 3 0 4 5 7 6 1
14 5 9 2 7 3 5 4 6 0 1
14 5 9 4 7 3 5 2 6 0 1
14 8 6 4 2 3 0 5 7 6 1
13 9 4 4 2 3 1 5 7 6 0
14 10 4 1 2 3 0 5 7 6 4
14 8 6 2 6 3 4 5 7 0 1
14 8 6 4 2 7 0 5 6 3 1
13 9 4 4 2 7 1 5 6 3 0
14 10 4 1 2 7 0 5 6 3 4
14 10 4 1 2 7 4 5 6 0 3
14 7 7 7 6 3 4 5 2 0 1
14 6 8 7 0 3 4 5 6 1 2
14 6 8 2 7 1 3 5 0 6 4
14 6 8 5 7 3 2 0 6 1 4
14 6 8 7 0 3 2 5 6 1 4
14 8 6 4 7 3 2 5 6 1 0
14 4 10 2 7 4 0 6 1 3 5
14 7 7 7 2 3 4 6 1 0 5
14 6 8 7 3 1 4 0 2 6 5
14 7 7 7 3 0 1 2 6 5 4
13 8 5 7 3 5 1 2 6 0 4
13 9 4 7 3 5 1 2 0 6 4
13 9 4 7 3 5 1 2 6 4 0
14 8 6 0 3 1 7 2 6 5 4
14 6 8 5 7 3 4 2 0 6 1
14 6 8 2 3 4 5 7 6 1 0
14 7 7 2 3 1 4 0 7 6 5
14 5 9 2 3 4 5 6 7 1 0
14 8 6 5 2 3 4 7 0 6 1
14 8 6 5 6 3 4 7 2 1 0
14 6 8 2 6 7 3 5 0 1 4
14 6 8 2 1 7 4 6 3 0 5
14 7 7 2 0 3 4 1 7 5 6
14 7 7 2 7 3 4 1 5 0 6
14 6 8 7 3 4 5 2 6 0 1
14 7 7 5 2 7 3 0 6 1 4
14 8 6 3 2 7 0 5 6 1 4
13 9 4 3 2 7 4 5 6 1 0
14 9 5 4 2 7 3 5 6 1 0
14 6 8 6 2 7 4 0 1 3 5
14 8 6 5 2 7 4 6 1 3 0
14 10 4 0 2 3 4 5 6 7 1
