0 0 0 2 1 3 6 5 0 4 7
0 0 9 2 0 3 6 5 1 4 7
0 0 8 0 2 3 6 5 1 4 7
0 0 6 1 2 3 6 5 0 4 7
0 0 7 6 2 3 0 5 1 4 7
0 0 5 6 2 3 4 5 1 0 7
0 0 4 6 2 3 4 5 1 7 0
0 0 4 0 2 3 4 5 1 7 6
0 0 2 1 2 3 4 5 0 7 6
0 0 3 1 0 3 4 5 2 7 6
0 0 3 1 2 3 4 0 5 7 6
0 0 2 1 2 3 4 6 5 7 0
0 0 3 1 2 3 4 5 7 0 6
0 0 2 1 2 3 4 5 7 6 0
0 0 3 1 2 3 0 6 5 7 4
0 0 3 1 2 3 4 6 5 0 7
0 0 3 1 2 3 0 5 7 6 4
0 0 4 0 1 3 4 5 2 7 6
0 0 4 1 3 0 4 5 2 7 6
0 0 4 0 2 3 4 1 5 7 6
0 0 4 1 2 0 4 6 5 7 3
0 0 4 1 2 0 4 5 7 3 6
0 0 4 1 2 0 4 5 7 6 3
0 0 4 1 2 0 3 6 5 7 4
0 0 4 1 2 0 4 6 5 3 7
0 0 4 1 2 3 4 6 0 5 7
0 0 3 1 2 3 4 0 6 5 7
0 0 4 1 2 0 3 5 7 6 4
0 0 4 2 1 3 4 5 0 7 6
0 0 4 6 1 3 4 5 2 7 0
0 0 4 5 2 3 4 1 0 7 6
0 0 4 6 2 3 4 1 5 7 0
0 0 4 0 2 3 4 1 6 5 7
0 0 4 1 2 3 4 7 6 5 0
0 0 5 6 2 3 0 5 1 7 4
0 0 5 5 2 3 4 0 1 7 6
0 0 4 5 2 3 4 6 1 7 0
0 0 5 2 0 3 4 5 1 7 6
0 0 5 1 0 3 4 2 5 7 6
0 0 5 1 2 3 4 0 7 6 5
0 0 5 1 2 3 7 6 5 0 4
0 0 5 1 2 3 6 0 5 7 4
0 0 4 1 2 3 6 5 0 7 4
0 0 5 1 2 3 6 5 7 0 4
0 0 5 5 1 3 4 0 2 7 6
0 0 4 5 1 3 4 6 2 7 0
0 0 5 1 3 7 4 5 2 0 6
0 0 4 1 3 7 4 5 2 6 0
0 0 4 1 3 0 4 5 2 6 7
0 0 3 1 0 3 4 5 2 6 7
0 0 2 1 2 3 4 5 0 6 7
0 0 1 1 2 3 4 5 6 0 7
