0 0 0 5 1 7 4 2 6 3 0
8 1 7 5 1 7 0 2 6 3 4
8 1 7 5 1 7 4 2 6 0 3
8 2 6 5 1 0 4 2 6 7 3
9 2 7 5 1 7 4 0 6 3 2
9 3 6 5 1 0 4 2 6 3 7
9 3 6 0 1 7 4 5 6 3 2
9 4 5 5 1 3 4 2 6 0 7
9 4 5 1 0 7 4 5 6 3 2
9 5 4 5 1 3 4 2 6 7 0
10 2 8 5 1 0 7 2 6 3 4
10 2 8 5 1 7 4 2 0 6 3
10 3 7 5 0 1 4 2 6 7 3
10 3 7 5 1 4 0 2 6 7 3
10 6 4 2 1 7 4 5 6 3 0
10 3 7 5 1 3 7 2 6 0 4
10 3 7 5 1 7 4 0 2 6 3
10 4 6 5 1 4 3 2 6 7 0
10 4 6 5 1 3 7 2 0 6 4
10 4 6 5 1 3 7 2 6 4 0
10 4 6 0 1 7 4 5 2 6 3
10 5 5 1 0 7 4 5 2 6 3
10 6 4 1 2 7 4 5 0 6 3
10 7 3 1 2 7 4 5 6 0 3
10 8 2 1 2 0 4 5 6 7 3
10 8 2 1 2 7 4 5 6 3 0
11 3 8 0 1 7 4 2 6 3 5
11 3 8 0 1 7 5 2 6 3 4
11 4 7 5 1 7 3 2 6 0 4
11 4 7 5 1 7 2 0 6 3 4
11 3 8 5 1 7 4 6 0 3 2
11 4 7 5 0 1 4 2 6 3 7
11 4 7 5 1 4 0 2 6 3 7
11 5 6 5 1 3 4 2 0 6 7
11 5 6 1 6 7 4 5 0 3 2
11 5 6 1 7 0 4 5 6 3 2
11 6 5 5 1 3 0 2 6 7 4
11 4 7 2 1 7 4 0 6 3 5
11 4 7 1 0 7 4 2 6 3 5
11 4 7 1 0 7 5 2 6 3 4
11 5 6 5 1 0 3 2 6 7 4
11 5 6 0 1 7 2 5 6 3 4
11 6 5 5 1 3 4 0 2 6 7
11 6 5 1 7 3 4 5 6 0 2
11 6 5 1 0 7 2 5 6 3 4
11 7 4 0 1 3 4 5 2 6 7
11 7 4 1 7 3 4 5 6 2 0
11 8 3 1 0 3 4 5 2 6 7
11 9 2 1 2 3 4 5 0 6 7
11 10 1 1 2 3 4 5 6 0 7
