0 0 0 2 4 6 3 0 7 5 1
12 2 10 2 4 6 3 1 7 5 0
13 1 12 0 4 6 3 2 7 5 1
12 4 8 1 4 6 3 2 7 5 0
14 3 11 2 4 6 0 1 7 5 3
14 3 11 2 4 6 3 1 7 0 5
14 3 11 3 4 6 0 2 7 5 1
14 5 9 1 4 6 0 2 7 5 3
14 5 9 1 4 6 3 2 7 0 5
14 4 10 2 4 0 3 1 7 6 5
14 4 10 2 4 6 3 1 0 7 5
14 4 10 3 4 6 1 2 7 5 0
14 6 8 1 4 0 3 2 7 6 5
14 6 8 1 4 6 3 2 0 7 5
14 5 9 2 0 4 3 1 7 6 5
14 5 9 2 4 3 0 1 7 6 5
14 5 9 2 0 6 3 1 4 7 5
14 7 7 1 4 3 0 2 7 6 5
14 7 7 1 0 6 3 2 4 7 5
14 6 8 0 2 4 3 1 7 6 5
14 6 8 2 4 3 5 1 7 6 0
14 8 6 1 4 3 5 2 7 6 0
14 7 7 1 2 4 3 0 7 6 5
13 9 4 1 2 4 3 5 7 6 0
15 1 14 2 4 6 3 7 0 5 1
15 5 10 2 4 0 3 1 7 5 6
15 2 13 4 0 6 3 2 7 5 1
15 7 8 1 4 0 3 2 7 5 6
15 9 6 5 2 4 3 1 7 6 0
15 10 5 1 2 4 0 5 7 6 3
15 10 5 1 2 4 3 5 7 0 6
15 2 13 2 0 6 3 7 4 5 1
15 2 13 2 4 6 3 7 5 0 1
15 6 9 2 4 5 3 1 7 0 6
15 6 9 2 0 4 3 1 7 5 6
15 6 9 2 4 3 0 1 7 5 6
15 3 12 4 7 6 3 2 0 5 1
15 8 7 1 4 5 3 2 7 0 6
15 8 7 1 4 3 0 2 7 5 6
15 11 4 1 2 0 4 5 7 6 3
15 11 4 1 2 4 3 5 0 7 6
15 3 12 2 4 0 3 7 5 6 1
15 3 12 2 4 6 3 7 5 1 0
15 7 8 2 4 5 3 1 0 7 6
15 7 8 2 4 5 3 1 7 6 0
15 7 8 0 2 4 3 1 7 5 6
15 9 6 1 4 5 3 2 0 7 6
15 9 6 1 4 5 3 2 7 6 0
15 4 11 2 0 4 3 7 5 6 1
15 4 11 2 4 3 0 7 5 6 1
15 8 7 2 0 5 3 1 4 7 6
15 8 7 1 2 4 3 0 7 5 6
15 10 5 1 0 5 3 2 4 7 6
15 5 10 0 2 4 3 7 5 6 1
14 8 6 1 2 4 3 7 5 6 0
15 5 10 2 4 3 1 7 5 6 0
15 10 5 1 2 4 3 0 5 6 7
15 11 4 1 2 4 3 5 0 6 7
15 12 3 1 2 4 3 5 6 0 7
15 13 2 1 2 4 3 5 6 7 0
16 3 13 2 0 6 3 4 7 5 1
16 3 13 2 4 6 0 3 7 5 1
16 4 12 7 4 6 3 2 0 5 1
16 4 12 2 4 0 6 1 7 5 3
16 4 12 3 4 0 6 2 7 5 1
16 6 10 1 4 0 6 2 7 5 3
16 5 11 2 4 6 3 0 1 7 5
15 7 8 2 4 6 3 5 1 7 0
16 5 11 3 4 6 1 2 7 0 5
16 7 9 1 0 4 3 2 7 6 5
16 7 9 1 4 6 3 0 2 7 5
15 9 6 1 4 6 3 5 2 7 0
16 6 10 2 7 4 3 1 0 6 5
16 6 10 0 2 6 3 1 4 7 5
16 6 10 2 6 0 3 1 4 7 5
16 8 8 0 1 6 3 2 4 7 5
16 8 8 1 6 0 3 2 4 7 5
16 7 9 2 4 3 5 1 7 0 6
16 9 7 1 4 3 5 2 7 0 6
16 8 8 1 2 4 3 7 0 6 5
16 12 4 1 2 0 3 5 7 6 4
16 5 11 2 4 6 3 0 5 1 7
16 7 9 2 4 3 7 0 5 6 1
15 9 6 2 4 3 7 1 5 6 0
16 10 6 1 2 4 3 6 7 5 0
16 9 7 1 2 4 0 7 5 6 3
16 9 7 1 2 4 3 7 5 0 6
16 7 9 2 4 3 1 0 5 6 7
16 4 12 2 7 6 3 4 0 5 1
16 4 12 2 4 6 1 3 7 5 0
16 5 11 7 0 6 3 2 4 5 1
16 5 11 2 4 5 6 1 7 0 3
16 5 11 2 0 4 6 1 7 5 3
16 5 11 3 4 5 6 2 7 0 1
16 7 9 1 4 5 6 2 7 0 3
16 6 10 0 4 6 3 2 1 7 5
16 6 10 3 4 0 1 2 7 6 5
16 6 10 3 4 6 1 2 0 7 5
16 8 8 1 7 4 3 2 0 6 5
16 7 9 2 7 4 3 1 6 0 5
16 7 9 1 2 6 3 0 4 7 5
15 9 6 1 2 6 3 5 4 7 0
16 7 9 2 6 7 3 1 4 0 5
16 7 9 2 6 3 0 1 4 7 5
16 9 7 1 6 7 3 2 4 0 5
16 9 7 1 6 3 0 2 4 7 5
16 8 8 2 4 3 5 1 0 7 6
16 10 6 1 4 3 5 2 0 7 6
16 9 7 1 2 4 3 7 6 0 5
16 13 3 1 2 3 0 5 7 6 4
16 6 10 0 4 6 3 2 5 1 7
16 6 10 2 4 6 3 5 0 1 7
16 8 8 0 4 3 7 2 5 6 1
15 11 4 1 4 3 7 2 5 6 0
16 10 6 1 2 0 4 7 5 6 3
16 8 8 0 4 3 1 2 5 6 7
15 10 5 1 4 3 0 2 5 6 7
16 8 8 2 4 3 1 5 0 6 7
16 5 11 2 7 6 3 0 4 5 1
15 7 8 2 7 6 3 1 4 5 0
16 6 10 0 7 6 3 2 4 5 1
15 9 6 1 7 6 3 2 4 5 0
16 6 10 2 4 5 6 1 0 7 3
16 6 10 2 4 5 6 1 7 3 0
16 6 10 0 2 4 6 1 7 5 3
16 6 10 3 4 5 6 2 0 7 1
16 6 10 3 4 5 6 2 7 1 0
16 8 8 1 4 5 6 2 0 7 3
16 8 8 1 4 5 6 2 7 3 0
16 7 9 3 4 1 0 2 7 6 5
16 7 9 3 0 6 1 2 4 7 5
16 8 8 2 7 4 3 1 6 5 0
16 8 8 2 6 7 3 1 4 5 0
16 8 8 2 6 3 5 1 4 7 0
16 10 6 1 6 7 3 2 4 5 0
16 10 6 1 6 3 5 2 4 7 0
16 9 7 2 0 3 5 1 4 7 6
16 11 5 1 0 3 5 2 4 7 6
16 10 6 1 2 4 3 7 6 5 0
16 14 2 1 2 3 4 5 7 6 0
16 7 9 2 4 6 3 5 1 0 7
16 9 7 2 4 3 1 5 6 0 7
16 7 9 2 0 5 6 1 4 7 3
16 7 9 2 4 5 0 1 7 3 6
16 7 9 1 2 4 6 0 7 5 3
16 7 9 3 0 5 6 2 4 7 1
16 7 9 3 4 5 0 2 7 1 6
16 9 7 1 0 5 6 2 4 7 3
16 9 7 1 4 5 0 2 7 3 6
16 8 8 3 4 1 5 2 7 6 0
16 8 8 0 3 6 1 2 4 7 5
15 10 5 1 3 6 0 2 4 7 5
15 11 4 1 3 6 5 2 4 7 0
15 12 3 1 3 6 5 2 4 0 7
15 13 2 1 3 0 5 2 4 6 7
15 14 1 1 3 5 0 2 4 6 7
