0 0 0 7 4 6 3 5 0 2 1
14 1 13 7 4 6 3 5 2 0 1
14 2 12 7 4 0 3 5 2 6 1
14 2 12 7 4 6 3 5 2 1 0
14 3 11 7 0 4 3 5 2 6 1
14 3 11 7 4 3 0 5 2 6 1
14 4 10 7 2 4 3 5 0 6 1
14 4 10 0 7 4 3 5 2 6 1
13 7 6 1 7 4 3 5 2 6 0
14 4 10 7 4 3 1 5 2 6 0
14 5 9 7 2 4 3 5 6 0 1
14 6 8 7 2 4 3 5 6 1 0
15 5 10 0 4 6 3 5 2 1 7
15 5 10 0 4 3 7 5 2 6 1
14 8 6 1 4 3 7 5 2 6 0
14 9 5 1 4 3 0 5 2 6 7
15 8 7 1 7 4 0 5 2 6 3
15 8 7 1 7 4 3 5 2 0 6
15 7 8 0 4 3 1 5 2 6 7
15 9 6 0 2 4 3 5 6 1 7
15 6 9 5 4 3 7 0 2 6 1
14 8 6 5 4 3 7 1 2 6 0
15 10 5 1 4 3 7 0 2 6 5
15 9 6 1 7 0 4 5 2 6 3
15 7 8 5 4 3 7 2 0 6 1
15 11 4 1 4 3 7 2 0 6 5
15 10 5 1 0 7 4 5 2 6 3
15 8 7 5 0 3 7 2 4 6 1
15 12 3 1 0 3 7 2 4 6 5
15 11 4 1 2 7 4 5 0 6 3
15 9 6 0 5 3 7 2 4 6 1
14 12 2 1 5 3 7 2 4 6 0
15 9 6 5 3 0 7 2 4 6 1
15 13 2 1 3 0 7 2 4 6 5
15 12 3 1 2 7 4 5 6 0 3
15 13 2 1 2 0 4 5 6 7 3
15 13 2 1 2 7 4 5 6 3 0
16 1 15 7 0 6 3 5 4 2 1
16 1 15 7 4 6 3 0 5 2 1
15 3 12 7 4 6 3 1 5 2 0
16 3 13 7 4 6 0 5 2 1 3
16 5 11 7 2 4 3 0 5 6 1
15 7 8 7 2 4 3 1 5 6 0
16 5 11 5 7 4 3 0 2 6 1
15 7 8 5 7 4 3 1 2 6 0
16 10 6 1 7 0 3 5 2 6 4
16 5 11 7 4 3 1 5 2 0 6
16 6 10 7 2 0 3 5 6 4 1
16 7 9 7 2 4 0 5 6 1 3
16 9 7 1 4 3 7 5 2 0 6
16 10 6 1 4 0 3 5 2 6 7
16 9 7 5 4 3 0 1 2 6 7
16 9 7 5 4 3 7 1 2 0 6
16 13 3 1 5 3 0 2 4 6 7
16 13 3 1 5 3 7 2 4 0 6
16 2 14 0 7 6 3 5 4 2 1
15 5 10 1 7 6 3 5 4 2 0
16 2 14 7 6 0 3 5 4 2 1
16 2 14 0 4 6 3 7 5 2 1
15 5 10 1 4 6 3 7 5 2 0
16 6 10 0 4 6 3 1 5 2 7
16 6 10 0 2 4 3 7 5 6 1
15 9 6 1 2 4 3 7 5 6 0
16 10 6 0 2 4 3 1 5 6 7
16 11 5 1 0 7 3 5 2 6 4
16 11 5 1 7 3 0 5 2 6 4
16 7 9 7 2 3 0 5 6 4 1
16 8 8 7 2 0 4 5 6 1 3
16 11 5 1 0 4 3 5 2 6 7
16 3 13 5 7 6 3 0 4 2 1
15 5 10 5 7 6 3 1 4 2 0
16 7 9 1 7 6 3 0 4 2 5
16 3 13 7 6 2 3 5 4 0 1
16 3 13 7 6 3 0 5 4 2 1
16 7 9 1 4 6 3 0 5 2 7
16 11 5 1 2 4 3 0 5 6 7
16 12 4 1 2 7 3 5 0 6 4
16 12 4 1 7 3 4 5 2 6 0
16 8 8 7 2 3 1 5 6 4 0
16 9 7 7 2 1 4 5 6 0 3
16 12 4 1 2 4 3 5 0 6 7
16 4 12 7 6 2 3 5 0 4 1
16 4 12 7 6 2 3 5 4 1 0
16 4 12 7 6 3 1 5 4 2 0
16 8 8 1 4 6 3 5 0 2 7
16 13 3 1 2 7 3 5 6 0 4
16 9 7 7 2 3 1 5 6 0 4
16 10 6 7 2 1 4 5 6 3 0
16 13 3 1 2 4 3 5 6 0 7
16 5 11 7 0 2 3 5 6 4 1
16 9 7 1 4 6 3 5 2 0 7
16 14 2 1 2 0 3 5 6 7 4
16 14 2 1 2 4 3 5 6 7 0
16 6 10 0 7 2 3 5 6 4 1
15 9 6 1 7 2 3 5 6 4 0
15 10 5 1 7 2 3 5 6 0 4
16 10 6 1 4 6 3 5 2 7 0
16 15 1 1 2 3 0 5 6 7 4
