0 0 0 1 0 5 4 7 2 3 6
7 1 6 1 2 5 4 7 0 3 6
8 2 6 1 2 5 4 0 7 3 6
9 1 8 1 5 0 4 7 2 3 6
8 2 6 1 5 3 4 7 2 0 6
8 3 5 1 5 3 4 7 2 6 0
9 2 7 1 2 5 4 7 3 0 6
9 4 5 1 2 5 4 6 7 3 0
9 3 6 1 2 5 4 7 3 6 0
10 1 9 0 1 5 4 7 2 3 6
10 2 8 1 5 4 0 7 2 3 6
10 3 7 1 5 3 4 7 0 2 6
10 3 7 1 2 0 4 7 3 5 6
11 3 8 0 2 5 4 1 7 3 6
11 4 7 1 5 3 0 7 2 6 4
11 5 6 1 5 3 4 0 2 6 7
11 4 7 1 2 5 0 7 3 6 4
11 2 9 7 1 5 4 0 2 3 6
11 3 8 1 5 4 6 7 2 3 0
11 4 7 1 0 3 4 7 5 2 6
11 4 7 1 5 3 4 0 7 2 6
11 4 7 1 2 4 0 7 3 5 6
11 3 8 7 1 5 4 2 0 3 6
11 4 7 7 1 5 4 2 3 0 6
10 5 5 7 1 5 4 2 3 6 0
11 6 5 7 1 5 0 2 3 6 4
12 5 7 1 2 5 0 6 7 3 4
12 5 7 1 2 5 4 6 7 0 3
12 5 7 1 2 5 4 0 3 6 7
12 3 9 4 1 5 0 7 2 3 6
12 4 8 2 1 5 4 7 0 3 6
12 4 8 6 1 5 4 7 2 3 0
12 4 8 1 0 2 4 7 3 5 6
11 5 6 1 3 2 4 7 0 5 6
12 7 5 1 5 3 7 0 2 6 4
12 6 6 1 5 3 4 2 0 6 7
12 7 5 1 2 5 7 0 3 6 4
12 4 8 7 1 5 4 6 2 3 0
12 6 6 1 5 3 4 6 7 2 0
12 5 7 1 2 4 6 7 3 5 0
12 6 6 1 2 5 4 6 0 7 3
12 6 6 1 3 2 4 0 7 5 6
12 6 6 1 3 2 4 7 5 0 6
12 8 4 1 5 3 7 2 0 6 4
12 7 5 1 2 5 4 0 6 7 3
12 7 5 1 3 2 4 7 5 6 0
13 5 8 1 2 5 0 4 7 3 6
13 7 6 1 2 0 4 6 7 3 5
12 8 4 1 2 3 4 6 7 0 5
12 9 3 1 2 3 4 6 0 7 5
12 9 3 1 2 3 4 6 7 5 0
12 10 2 1 2 3 4 0 6 7 5
