0 0 7 4 6 3 5 0 2 1
2 1 7 4 6 3 5 2 0 1
6 1 7 4 0 3 5 2 6 1
4 1 7 0 4 3 5 2 6 1
2 1 7 2 4 3 5 0 6 1
6 1 7 2 4 3 5 6 0 1
1 1 7 2 4 3 5 6 1 0
7 3 0 2 4 3 5 6 1 7
3 2 3 2 4 0 5 6 1 7
4 1 3 2 0 4 5 6 1 7
1 1 3 2 1 4 5 6 0 7
7 1 3 2 1 4 5 6 7 0
4 1 3 2 1 0 5 6 7 4
3 2 0 2 1 3 5 6 7 4
2 1 2 0 1 3 5 6 7 4
1 1 2 1 0 3 5 6 7 4
3 1 2 1 3 0 5 6 7 4
4 1 2 1 3 4 5 6 7 0
7 1 2 1 3 4 5 6 0 7
6 1 2 1 3 4 5 0 6 7
1 1 2 0 3 4 5 1 6 7
2 1 0 2 3 4 5 1 6 7
1 3 1 2 3 4 5 0 6 7
6 1 1 2 3 4 5 6 0 7
7 1 1 2 3 4 5 6 7 0
