0 0 0 1 7 6 5 4 0 3 2
10 1 9 1 7 6 5 0 4 3 2
9 3 6 1 7 6 5 2 4 3 0
10 1 9 1 7 6 5 4 3 0 2
10 2 8 1 7 0 5 4 3 6 2
10 2 8 1 7 6 5 4 3 2 0
10 3 7 1 0 7 5 4 3 6 2
10 3 7 1 7 5 0 4 3 6 2
10 4 6 1 3 7 5 4 0 6 2
10 5 5 1 3 7 5 0 4 6 2
9 7 2 1 3 7 5 2 4 6 0
11 4 7 1 7 6 0 2 4 3 5
11 4 7 1 7 6 5 2 4 0 3
11 8 3 1 3 7 0 2 4 6 5
11 8 3 1 3 7 5 2 4 0 6
11 5 6 1 7 0 5 2 4 6 3
11 9 2 1 3 0 7 2 4 6 5
11 6 5 1 0 7 5 2 4 6 3
11 6 5 1 7 5 0 2 4 6 3
11 7 4 1 7 5 3 2 4 6 0
12 1 11 1 0 6 5 4 7 3 2
12 2 10 0 7 6 5 1 4 3 2
12 6 6 1 7 0 5 2 4 3 6
12 3 9 1 7 6 0 4 3 2 5
12 4 8 0 1 7 5 4 3 6 2
12 4 8 1 7 5 2 4 3 6 0
12 5 7 1 3 7 5 4 6 0 2
12 6 6 0 3 7 5 1 4 6 2
12 10 2 1 3 0 5 2 4 6 7
12 7 5 1 7 3 5 2 4 0 6
12 7 5 1 0 7 5 2 4 3 6
12 7 5 1 7 5 0 2 4 3 6
12 6 6 1 3 7 5 4 6 2 0
12 11 1 1 3 5 0 2 4 6 7
12 8 4 1 7 3 5 2 4 6 0
