0 0 0 1 7 6 5 4 0 3 2
8 1 7 1 7 6 5 0 4 3 2
8 1 7 1 7 6 5 4 3 0 2
8 3 5 1 7 6 5 2 4 3 0
8 2 6 1 7 6 5 4 3 2 0
9 2 7 1 7 0 5 4 3 6 2
8 3 5 1 7 5 0 4 3 6 2
9 4 5 1 7 5 2 4 3 6 0
10 4 6 1 7 6 5 2 4 0 3
10 3 7 1 0 7 5 4 3 6 2
9 4 5 1 3 7 5 4 0 6 2
9 5 4 1 3 7 5 0 4 6 2
9 7 2 1 3 7 5 2 4 6 0
11 1 10 1 0 6 5 4 7 3 2
11 2 9 0 7 6 5 1 4 3 2
11 4 7 1 7 6 0 2 4 3 5
11 3 8 1 7 6 0 4 3 2 5
11 4 7 1 7 6 5 0 3 2 4
11 5 6 1 7 0 5 2 4 6 3
10 6 4 1 7 5 0 2 4 6 3
9 7 2 1 7 5 3 2 4 6 0
11 5 6 1 3 7 5 4 6 0 2
11 6 5 1 3 7 5 4 6 2 0
12 4 8 1 7 6 0 5 4 3 2
12 5 7 0 7 5 1 4 3 6 2
12 6 6 1 7 5 4 0 3 6 2
12 5 7 1 7 5 2 4 3 0 6
12 6 6 1 7 5 2 0 3 6 4
12 5 7 1 7 6 5 2 0 4 3
12 4 8 0 1 7 5 4 3 6 2
12 6 6 0 3 7 5 1 4 6 2
12 8 4 1 3 7 0 2 4 6 5
12 8 4 1 3 7 5 2 4 0 6
12 3 9 7 0 6 5 1 4 3 2
12 4 8 5 7 6 0 1 4 3 2
12 5 7 2 7 6 5 1 4 3 0
12 6 6 1 0 7 5 2 4 6 3
12 8 4 1 7 5 3 2 4 0 6
12 8 4 1 7 5 4 2 3 6 0
13 4 9 1 0 6 5 7 4 3 2
13 6 7 1 7 0 5 2 4 3 6
12 7 5 1 7 3 5 2 4 0 6
11 8 3 1 7 3 5 2 4 6 0
12 7 5 1 7 5 0 2 4 3 6
13 5 8 1 7 0 5 4 3 2 6
12 6 6 1 7 5 0 4 3 2 6
13 6 7 1 7 5 6 4 3 0 2
13 8 5 1 3 7 0 5 4 6 2
13 2 11 0 1 6 5 4 7 3 2
13 2 11 1 6 0 5 4 7 3 2
12 3 9 1 6 3 5 4 7 0 2
12 3 9 1 6 5 0 4 7 3 2
12 4 8 1 6 3 5 4 0 7 2
12 4 8 1 6 3 5 4 7 2 0
12 4 8 1 6 5 2 4 7 3 0
13 7 6 1 7 6 3 2 4 0 5
12 8 4 1 7 6 3 2 4 5 0
13 5 8 1 7 6 5 3 0 2 4
13 9 4 1 7 5 3 0 4 6 2
13 5 8 1 7 6 2 5 4 3 0
13 6 7 4 7 5 1 0 3 6 2
13 6 7 7 0 5 1 4 3 6 2
12 7 5 7 3 5 1 4 0 6 2
12 8 4 7 3 5 1 0 4 6 2
12 10 2 7 3 5 1 2 4 6 0
13 8 5 2 7 5 1 4 3 6 0
13 9 4 1 7 5 0 2 3 6 4
13 5 8 4 1 7 5 0 3 6 2
13 6 7 5 1 7 0 4 3 6 2
13 7 6 2 1 7 5 4 3 6 0
13 8 5 5 3 7 0 1 4 6 2
13 9 4 2 3 7 5 1 4 6 0
13 9 4 1 3 0 7 2 4 6 5
13 4 9 7 4 6 5 1 0 3 2
13 5 8 5 7 6 2 1 4 3 0
13 7 6 1 4 7 5 2 0 6 3
13 8 5 1 7 5 6 2 4 3 0
13 7 6 1 7 5 6 4 3 2 0
13 5 8 1 0 3 5 4 6 7 2
13 5 8 1 6 3 5 0 4 7 2
13 5 8 1 6 3 0 4 7 2 5
13 8 5 4 7 5 1 2 3 6 0
13 7 6 4 1 7 5 2 3 6 0
13 5 8 7 4 6 5 1 3 0 2
13 7 6 1 6 3 5 2 4 7 0
13 6 7 7 4 6 5 1 3 2 0
14 10 4 1 3 0 5 2 4 6 7
13 11 2 1 3 5 0 2 4 6 7
