0 0 0 2 0 5 1 3 4 7 6
10 1 9 2 4 5 1 3 0 7 6
10 2 8 2 4 5 1 0 3 7 6
11 1 10 0 2 5 1 3 4 7 6
10 2 8 3 2 5 1 0 4 7 6
11 1 10 2 5 0 1 3 4 7 6
10 2 8 2 5 7 1 3 4 0 6
9 3 6 2 5 7 1 3 4 6 0
11 2 9 2 4 5 1 3 7 0 6
10 3 7 2 4 5 1 3 7 6 0
11 3 8 0 4 5 1 2 3 7 6
11 4 7 2 4 5 1 6 3 7 0
11 3 8 1 2 5 0 3 4 7 6
11 3 8 3 2 5 1 4 0 7 6
11 4 7 3 2 5 1 6 4 7 0
11 2 9 2 5 1 0 3 4 7 6
11 5 6 1 4 5 0 2 3 7 6
12 4 8 4 2 5 1 3 0 7 6
12 5 7 3 0 5 1 2 4 7 6
12 3 9 2 5 7 1 3 0 4 6
12 4 8 2 5 7 0 3 4 6 1
12 5 7 2 5 7 1 0 4 6 3
12 5 7 2 4 5 1 6 3 0 7
12 4 8 1 2 5 6 3 4 7 0
12 6 6 1 2 5 7 3 4 0 6
11 7 4 1 2 5 7 3 4 6 0
12 5 7 3 2 5 1 6 4 0 7
12 3 9 2 5 1 6 3 4 7 0
12 5 7 2 5 1 7 3 4 0 6
11 6 5 2 5 1 7 3 4 6 0
12 6 6 1 4 5 6 2 3 7 0
12 8 4 1 4 5 7 2 3 0 6
11 9 2 1 4 5 7 2 3 6 0
12 6 6 0 3 5 1 2 4 7 6
12 4 8 2 5 7 1 0 3 4 6
12 8 4 1 3 5 0 2 4 7 6
13 5 8 2 4 5 0 1 3 7 6
13 4 9 6 2 5 1 3 4 7 0
13 5 8 3 2 5 0 1 4 7 6
13 3 10 2 4 0 1 3 7 5 6
13 4 9 2 4 5 0 3 7 6 1
13 5 8 2 4 5 1 0 7 6 3
13 4 9 4 0 5 1 2 3 7 6
12 5 7 4 3 5 1 2 0 7 6
13 6 7 3 4 5 1 2 0 7 6
13 6 7 6 4 5 1 2 3 7 0
13 4 9 1 2 0 5 3 4 7 6
13 6 7 1 2 5 3 0 4 7 6
13 4 9 3 0 5 1 4 2 7 6
13 4 9 3 2 5 1 4 7 0 6
12 5 7 3 2 5 1 4 7 6 0
13 5 8 2 5 1 3 0 4 7 6
13 5 8 4 2 5 1 0 3 7 6
13 5 8 2 5 0 7 3 4 6 1
13 6 7 0 5 7 1 2 4 6 3
13 5 8 1 2 5 6 3 4 0 7
13 4 9 2 5 1 6 3 4 0 7
13 7 6 1 4 5 6 2 3 0 7
13 7 6 2 3 5 1 0 4 7 6
13 5 8 0 5 7 1 2 3 4 6
13 6 7 2 5 7 1 6 3 4 0
13 9 4 1 3 5 6 2 4 7 0
13 11 2 1 3 5 7 2 4 0 6
