0 0 0 1 4 7 5 6 2 0 3
8 1 7 1 4 7 5 6 2 3 0
9 1 8 1 4 7 5 6 0 2 3
9 2 7 1 4 7 0 6 2 3 5
10 1 9 1 4 0 5 6 2 7 3
10 2 8 1 0 7 5 6 4 2 3
10 2 8 1 4 7 5 0 6 2 3
10 2 8 1 4 5 0 6 2 7 3
9 3 6 1 4 5 3 6 2 7 0
10 4 6 1 4 5 3 6 2 0 7
11 3 8 1 4 7 5 0 2 3 6
11 2 9 1 0 4 5 6 2 7 3
10 3 7 1 2 4 5 6 0 7 3
10 4 6 1 2 4 5 0 6 7 3
11 3 8 1 7 0 5 6 4 2 3
10 4 6 1 7 5 0 6 4 2 3
9 5 4 1 7 5 3 6 4 2 0
11 4 7 1 4 7 5 3 6 2 0
11 5 6 1 4 5 7 6 2 0 3
11 5 6 1 4 5 3 6 0 2 7
11 4 7 1 4 7 5 2 0 3 6
11 6 5 1 2 4 5 3 6 7 0
11 7 4 1 2 4 0 5 6 7 3
10 8 2 1 2 4 3 5 6 7 0
11 6 5 1 7 5 3 6 4 0 2
11 6 5 1 4 5 7 6 2 3 0
11 5 6 1 4 7 5 2 3 0 6
10 6 4 1 4 7 5 2 3 6 0
12 3 9 1 4 0 7 6 2 3 5
11 4 7 1 4 3 7 6 2 0 5
10 5 5 1 4 3 7 6 2 5 0
12 5 7 1 4 7 3 6 2 0 5
12 3 9 0 1 7 5 6 4 2 3
12 5 7 1 4 7 0 5 6 2 3
11 6 5 1 4 7 3 5 6 2 0
12 5 7 1 4 5 3 0 2 7 6
12 6 6 1 4 7 0 5 2 3 6
12 4 8 1 2 4 5 6 7 0 3
11 5 6 1 2 4 5 6 7 3 0
12 4 8 1 7 2 5 6 4 0 3
12 7 5 1 7 5 3 0 4 2 6
12 6 6 1 4 5 7 6 0 2 3
12 6 6 1 0 5 3 6 4 2 7
12 6 6 1 4 5 3 0 6 2 7
12 5 7 1 0 7 5 2 4 3 6
12 7 5 1 2 4 0 3 6 7 5
12 8 4 1 2 0 4 5 6 7 3
12 5 7 1 4 3 7 6 0 2 5
12 6 6 1 4 3 0 6 2 5 7
12 6 6 1 4 7 3 6 2 5 0
12 6 6 3 1 7 5 6 4 2 0
12 6 6 1 4 5 3 2 0 7 6
12 6 6 1 2 4 0 6 7 3 5
12 5 7 1 7 2 5 6 4 3 0
13 4 9 1 4 0 5 6 2 3 7
12 5 7 1 4 3 5 6 2 0 7
11 6 5 1 4 3 5 6 2 7 0
12 5 7 1 4 5 0 6 2 3 7
12 7 5 1 4 3 0 6 2 7 5
13 4 9 0 4 7 1 6 2 3 5
13 5 8 1 4 7 6 0 2 3 5
13 3 10 0 4 7 5 1 6 2 3
13 6 7 1 4 0 3 6 2 7 5
13 5 8 1 4 0 3 6 2 5 7
13 3 10 0 1 4 5 6 2 7 3
13 5 8 0 2 4 5 1 6 7 3
13 5 8 1 4 7 0 3 6 2 5
13 5 8 1 4 7 5 3 6 0 2
13 9 4 1 2 4 3 5 6 0 7
13 7 6 1 7 5 3 6 0 4 2
13 7 6 1 4 7 0 2 3 6 5
13 4 9 1 0 4 7 6 2 3 5
12 5 7 1 2 4 7 6 0 3 5
12 6 6 1 2 4 7 0 6 3 5
12 8 4 1 2 4 7 5 6 3 0
13 7 6 1 4 3 7 0 2 5 6
13 4 9 6 1 7 5 0 4 2 3
13 5 8 5 1 7 0 6 4 2 3
12 6 6 5 1 7 3 6 4 2 0
13 7 6 1 4 7 3 5 6 0 2
13 7 6 1 4 7 6 5 2 3 0
13 7 6 1 0 5 7 6 4 2 3
13 7 6 1 4 5 7 0 6 2 3
13 6 7 1 7 0 5 2 4 3 6
12 7 5 1 7 3 5 2 4 0 6
11 8 3 1 7 3 5 2 4 6 0
12 7 5 1 7 5 0 2 4 3 6
13 8 5 1 2 0 4 3 6 7 5
13 9 4 1 2 7 4 5 6 0 3
12 10 2 1 2 7 4 5 6 3 0
13 6 7 1 0 3 7 6 4 2 5
13 6 7 1 4 3 7 0 6 2 5
13 7 6 1 0 5 3 2 4 7 6
13 7 6 1 4 5 3 2 7 0 6
12 8 4 1 4 5 3 2 7 6 0
13 7 6 1 2 0 4 6 7 3 5
12 8 4 1 2 3 4 6 7 0 5
12 9 3 1 2 3 4 6 0 7 5
12 9 3 1 2 3 4 6 7 5 0
12 10 2 1 2 3 4 0 6 7 5
