0 0 0 1 4 7 5 6 2 0 3
9 1 8 1 4 7 5 6 2 3 0
10 3 7 1 4 7 5 0 2 3 6
10 4 6 1 4 7 5 2 0 3 6
10 5 5 1 0 7 5 2 4 3 6
10 5 5 1 4 7 5 2 3 0 6
10 6 4 1 4 7 5 2 3 6 0
11 1 10 1 4 0 5 6 2 7 3
11 1 10 1 4 7 5 6 0 2 3
11 2 9 1 4 7 0 6 2 3 5
11 2 9 1 0 4 5 6 2 7 3
11 2 9 1 4 5 0 6 2 7 3
11 2 9 1 0 7 5 6 4 2 3
11 2 9 1 4 7 5 0 6 2 3
11 3 8 1 4 0 7 6 2 3 5
11 3 8 1 2 4 5 6 0 7 3
11 3 8 1 4 5 3 6 2 7 0
11 4 7 1 4 3 7 6 2 0 5
11 4 7 1 2 4 5 0 6 7 3
10 7 3 1 2 4 0 5 6 7 3
10 8 2 1 2 4 3 5 6 7 0
10 8 2 1 2 0 4 5 6 7 3
11 4 7 1 4 5 3 6 2 0 7
11 5 6 1 4 3 7 6 2 5 0
12 4 8 1 4 0 5 6 2 3 7
12 4 8 0 4 7 5 1 2 3 6
12 6 6 0 1 7 5 2 4 3 6
12 6 6 1 7 0 5 2 4 3 6
12 6 6 1 4 0 5 2 3 7 6
12 7 5 1 4 7 0 2 3 6 5
12 5 7 1 4 5 7 6 2 0 3
12 4 8 1 4 7 5 3 6 2 0
12 5 7 1 4 7 0 5 6 2 3
12 5 7 1 4 5 3 0 2 7 6
12 9 3 1 2 4 3 5 6 0 7
12 9 3 1 2 7 4 5 6 0 3
12 9 3 1 0 2 4 5 6 7 3
12 7 5 1 4 3 7 0 2 5 6
12 5 7 1 4 3 5 6 2 0 7
12 5 7 1 4 5 0 6 2 3 7
12 7 5 1 7 3 5 2 4 0 6
12 7 5 1 7 5 0 2 4 3 6
12 7 5 1 4 5 0 2 3 7 6
12 8 4 1 4 0 7 2 3 6 5
12 6 6 1 4 5 7 6 2 3 0
12 6 6 1 4 7 3 5 6 2 0
12 6 6 1 4 5 3 2 0 7 6
12 10 2 1 2 7 4 5 6 3 0
12 8 4 1 4 3 7 2 0 5 6
12 8 4 1 7 3 5 2 4 6 0
12 7 5 1 0 5 3 2 4 7 6
12 9 3 1 0 3 7 2 4 5 6
12 10 2 1 3 0 7 2 4 5 6
12 11 1 1 3 5 7 2 4 0 6
