0 0 0 6 0 5 3 4 2 1 7
11 1 10 0 6 5 3 4 2 1 7
12 3 9 3 6 5 0 4 2 1 7
12 4 8 3 6 5 7 4 2 1 0
13 1 12 6 2 5 3 4 0 1 7
13 1 12 6 5 0 3 4 2 1 7
13 2 11 4 6 5 3 0 2 1 7
13 2 11 6 2 5 3 0 4 1 7
13 2 11 6 2 5 3 4 1 0 7
13 2 11 6 5 1 3 4 2 0 7
13 2 11 6 5 3 0 4 2 1 7
13 3 10 4 6 5 3 2 0 1 7
13 3 10 0 2 5 3 6 4 1 7
13 3 10 6 5 3 7 4 2 1 0
13 4 9 4 0 5 3 2 6 1 7
13 4 9 4 6 5 3 2 1 0 7
13 4 9 2 0 5 3 6 4 1 7
13 5 8 0 4 5 3 2 6 1 7
14 4 10 2 6 5 3 4 0 1 7
14 4 10 3 6 0 5 4 2 1 7
14 5 9 3 6 5 7 4 2 0 1
14 5 9 6 0 5 3 2 4 1 7
14 4 10 0 5 3 6 4 2 1 7
14 5 9 6 5 3 4 0 2 1 7
14 5 9 3 2 5 0 6 4 1 7
14 6 8 0 5 3 7 4 2 1 6
14 7 7 3 4 5 0 2 6 1 7
14 5 9 2 0 5 3 4 6 1 7
14 5 9 2 6 5 3 0 4 1 7
14 5 9 2 6 5 3 4 1 0 7
14 5 9 3 6 1 5 4 2 0 7
14 5 9 3 0 6 5 4 2 1 7
14 6 8 0 6 5 3 2 4 1 7
14 6 8 0 5 3 4 6 2 1 7
14 6 8 3 2 5 7 6 4 1 0
14 8 6 3 4 5 7 2 6 1 0
14 6 8 0 3 6 5 4 2 1 7
14 7 7 5 0 3 4 6 2 1 7
14 8 6 5 2 3 4 6 0 1 7
14 9 5 5 2 3 4 0 6 1 7
14 9 5 5 2 3 4 6 1 0 7
14 10 4 0 2 3 4 5 6 1 7
14 10 4 5 2 3 4 6 1 7 0
15 6 9 3 6 5 1 4 2 0 7
15 6 9 3 6 5 7 0 2 1 4
15 3 12 6 2 0 3 4 1 5 7
15 3 12 6 2 5 3 4 1 7 0
14 5 9 6 2 5 3 0 1 7 4
14 6 8 0 2 5 3 6 1 7 4
14 6 8 6 2 5 3 1 0 7 4
15 3 12 6 5 1 3 4 0 2 7
15 3 12 6 5 1 3 4 2 7 0
14 5 9 6 5 1 3 0 2 7 4
14 6 8 0 5 1 3 6 2 7 4
14 7 7 5 0 1 3 6 2 7 4
14 8 6 5 2 1 3 6 0 7 4
14 8 6 5 1 0 3 6 2 7 4
14 9 5 5 2 1 3 0 6 7 4
14 9 5 5 1 3 0 6 2 7 4
14 10 4 0 2 1 3 5 6 7 4
14 10 4 5 1 3 4 6 2 7 0
15 4 11 6 5 3 7 4 2 0 1
15 5 10 4 5 0 3 2 6 1 7
15 5 10 4 6 0 3 2 1 5 7
15 5 10 4 6 5 3 2 1 7 0
15 5 10 2 4 5 3 6 0 1 7
15 5 10 2 5 0 3 6 4 1 7
15 6 9 2 4 5 3 0 6 1 7
15 8 7 6 0 3 4 5 2 1 7
15 8 7 3 6 5 0 2 4 1 7
15 8 7 3 2 5 7 0 4 1 6
15 7 8 3 6 5 7 2 0 1 4
15 4 11 6 2 3 0 4 1 5 7
14 7 7 6 2 3 4 0 1 5 7
14 8 6 0 2 3 4 6 1 5 7
14 8 6 6 2 3 4 1 0 5 7
14 9 5 6 2 3 4 1 5 0 7
14 10 4 6 2 3 4 1 5 7 0
15 9 6 1 2 5 3 6 0 7 4
15 4 11 6 5 1 3 0 4 2 7
15 8 7 6 0 1 3 5 2 7 4
15 6 9 4 5 1 3 2 6 0 7
15 6 9 4 5 3 0 2 6 1 7
15 6 9 4 0 6 3 2 1 5 7
15 6 9 4 6 3 0 2 1 5 7
15 6 9 2 4 5 3 6 1 0 7
15 6 9 2 5 1 3 6 4 0 7
15 6 9 2 5 3 0 6 4 1 7
15 9 6 6 2 3 4 5 0 1 7
15 9 6 0 6 3 4 5 2 1 7
15 9 6 3 6 5 7 2 4 1 0
15 8 7 3 0 5 7 2 6 1 4
15 8 7 3 6 5 7 2 1 0 4
15 5 10 6 2 3 7 4 1 5 0
15 11 4 1 2 3 4 6 0 5 7
15 10 5 1 2 5 3 0 6 7 4
15 5 10 0 5 1 3 6 4 2 7
15 9 6 6 2 1 3 5 0 7 4
15 9 6 0 6 1 3 5 2 7 4
15 9 6 6 1 0 3 5 2 7 4
15 7 8 4 5 1 3 2 0 6 7
15 7 8 4 5 3 7 2 6 1 0
15 7 8 4 1 6 3 2 0 5 7
15 7 8 0 4 6 3 2 1 5 7
15 7 8 4 6 3 7 2 1 5 0
15 7 8 2 5 3 7 6 4 1 0
15 10 5 6 2 3 4 5 1 0 7
15 9 6 0 3 5 7 2 6 1 4
15 9 6 3 6 5 7 2 1 4 0
15 12 3 1 2 3 4 0 6 5 7
15 12 3 1 2 3 4 6 5 0 7
15 10 5 6 1 3 0 5 2 7 4
15 11 4 6 2 3 4 5 1 7 0
15 13 2 1 2 3 4 6 5 7 0
15 11 4 6 1 3 4 5 2 7 0
16 4 12 7 6 5 3 4 2 1 0
16 5 11 4 0 5 3 6 2 1 7
16 5 11 4 6 5 0 3 2 1 7
16 5 11 6 2 5 0 3 4 1 7
16 5 11 6 5 3 1 4 2 0 7
16 5 11 6 5 3 7 0 2 1 4
16 6 10 3 6 0 7 4 2 5 1
16 6 10 3 6 5 7 4 0 2 1
16 6 10 6 4 5 3 2 0 1 7
16 6 10 6 5 0 3 2 4 1 7
16 5 11 4 5 3 6 0 2 1 7
16 5 11 5 0 3 6 4 2 1 7
16 6 10 6 5 3 4 2 0 1 7
16 6 10 3 2 0 5 6 4 1 7
16 7 9 4 5 3 7 0 2 1 6
16 7 9 5 0 3 7 4 2 1 6
16 8 8 3 4 0 5 2 6 1 7
16 6 10 0 2 5 3 4 6 1 7
16 6 10 2 5 0 3 4 6 1 7
16 6 10 2 6 0 3 4 1 5 7
16 6 10 2 6 5 3 4 1 7 0
16 6 10 3 6 1 5 4 0 2 7
16 6 10 3 6 1 5 4 2 7 0
16 6 10 3 2 6 5 4 0 1 7
16 7 9 3 2 5 7 6 4 0 1
16 9 7 3 4 5 7 2 6 0 1
16 7 9 4 3 6 5 0 2 1 7
16 8 8 5 3 0 4 6 2 1 7
16 10 6 5 2 0 4 6 1 3 7
16 11 5 2 0 3 4 5 6 1 7
16 11 5 5 2 3 0 6 1 7 4
16 6 10 0 2 5 3 4 1 7 6
16 7 9 2 0 5 3 6 1 7 4
16 7 9 6 0 5 3 1 2 7 4
16 7 9 6 2 5 3 1 7 0 4
16 6 10 0 5 1 3 4 2 7 6
16 6 10 6 5 1 3 2 0 7 4
16 9 7 5 2 1 3 6 7 0 4
16 9 7 5 1 7 3 6 2 0 4
16 11 5 2 0 1 3 5 6 7 4
16 11 5 5 1 3 4 6 2 0 7
16 11 5 3 0 5 7 2 4 1 6
16 6 10 0 2 3 6 4 1 5 7
16 9 7 2 0 3 4 6 1 5 7
16 9 7 6 0 3 4 1 2 5 7
16 10 6 6 2 0 4 1 5 3 7
16 11 5 6 2 3 0 1 5 7 4
16 8 8 0 5 3 4 2 6 1 7
16 8 8 0 6 3 4 2 1 5 7
16 7 9 6 2 3 7 0 1 5 4
16 8 8 0 2 3 7 4 1 5 6
16 7 9 3 5 1 0 6 4 2 7
16 9 7 3 4 6 0 2 1 5 7
16 10 6 1 4 6 3 2 0 5 7
16 9 7 2 5 3 7 0 4 1 6
16 6 10 0 4 5 3 6 2 1 7
16 6 10 4 6 5 7 3 2 1 0
16 6 10 6 2 5 7 3 4 1 0
16 6 10 0 5 3 7 6 2 1 4
16 6 10 6 5 3 7 2 0 1 4
16 7 9 3 0 6 7 4 2 5 1
16 7 9 3 0 5 7 4 6 2 1
16 7 9 3 6 5 7 0 4 2 1
15 9 6 3 6 5 7 1 4 2 0
16 7 9 6 4 5 3 2 1 0 7
16 7 9 6 5 1 3 2 4 0 7
16 7 9 6 5 3 0 2 4 1 7
16 6 10 4 5 3 6 2 0 1 7
16 6 10 5 3 0 6 4 2 1 7
16 7 9 6 0 3 4 2 5 1 7
16 7 9 6 5 3 4 2 1 0 7
16 7 9 3 2 1 5 6 4 0 7
16 8 8 4 5 3 7 2 0 1 6
16 8 8 5 3 0 7 4 2 1 6
16 9 7 3 4 1 5 2 6 0 7
16 7 9 2 5 1 3 4 6 0 7
16 7 9 2 5 3 0 4 6 1 7
16 7 9 2 0 6 3 4 1 5 7
16 7 9 2 6 3 0 4 1 5 7
16 7 9 3 0 1 5 4 6 2 7
16 7 9 3 6 1 5 0 4 2 7
16 7 9 3 2 6 5 0 4 1 7
16 7 9 3 2 6 5 4 1 0 7
16 10 6 3 4 5 7 2 0 6 1
16 8 8 4 3 6 5 2 0 1 7
16 9 7 5 3 1 4 6 2 0 7
16 7 9 2 0 5 3 4 1 7 6
16 8 8 2 1 5 3 6 0 7 4
16 8 8 2 5 0 3 6 1 7 4
16 8 8 0 6 5 3 1 2 7 4
16 8 8 6 5 0 3 1 2 7 4
16 8 8 6 2 0 3 1 7 5 4
16 7 9 6 0 1 3 2 5 7 4
16 12 4 2 1 0 3 5 6 7 4
16 12 4 0 3 5 7 2 4 1 6
16 7 9 2 0 3 6 4 1 5 7
16 10 6 2 1 3 4 6 0 5 7
16 10 6 0 6 3 4 1 2 5 7
16 9 7 2 5 3 4 0 6 1 7
16 9 7 5 0 3 4 2 6 1 7
16 9 7 2 6 3 4 0 1 5 7
16 8 8 0 2 3 7 6 1 5 4
16 8 8 6 2 3 7 1 0 5 4
16 9 7 2 0 3 7 4 1 5 6
16 8 8 3 5 1 7 6 4 2 0
16 10 6 3 4 6 7 2 1 5 0
16 11 5 1 0 6 3 2 4 5 7
16 10 6 0 5 3 7 2 4 1 6
16 7 9 5 0 3 7 6 2 1 4
16 7 9 6 5 3 7 2 1 0 4
16 8 8 0 3 6 7 4 2 5 1
15 11 4 1 3 6 7 4 2 5 0
16 8 8 0 3 5 7 4 6 2 1
15 11 4 1 3 5 7 4 6 2 0
16 8 8 6 5 3 7 2 4 1 0
16 7 9 4 5 3 6 2 1 0 7
16 7 9 5 3 1 6 4 2 0 7
16 7 9 5 3 6 0 4 2 1 7
16 8 8 0 6 3 4 2 5 1 7
16 8 8 6 5 3 4 2 1 7 0
16 9 7 4 5 3 7 2 1 0 6
16 9 7 5 3 1 7 4 2 0 6
16 10 6 3 4 1 5 2 0 6 7
16 8 8 2 5 1 3 4 0 6 7
16 8 8 2 5 3 7 4 6 1 0
16 8 8 2 1 6 3 4 0 5 7
16 8 8 2 6 3 7 4 1 5 0
16 8 8 0 3 1 5 4 6 2 7
16 8 8 3 1 0 5 4 6 2 7
16 8 8 3 2 0 5 4 1 6 7
16 11 5 3 0 5 7 2 4 6 1
16 9 7 4 3 6 5 2 1 0 7
16 10 6 5 3 1 4 6 2 7 0
16 8 8 2 1 5 3 4 0 7 6
16 9 7 2 1 5 3 0 6 7 4
16 9 7 2 5 3 0 6 1 7 4
16 9 7 1 6 5 3 0 2 7 4
16 9 7 6 5 3 0 1 2 7 4
16 9 7 6 2 3 0 1 7 5 4
16 8 8 0 6 1 3 2 5 7 4
16 8 8 6 1 0 3 2 5 7 4
16 13 3 2 1 3 0 5 6 7 4
16 8 8 2 1 3 6 4 0 5 7
16 8 8 2 3 0 6 4 1 5 7
16 11 5 2 1 3 4 0 6 5 7
16 11 5 2 1 3 4 6 5 0 7
16 11 5 1 6 3 4 0 2 5 7
16 10 6 2 6 3 4 1 0 5 7
16 9 7 6 2 3 7 1 5 0 4
16 10 6 2 1 3 7 4 0 5 6
16 10 6 2 3 0 7 4 1 5 6
16 8 8 5 2 3 7 6 0 1 4
16 8 8 6 5 3 7 2 1 4 0
16 8 8 5 3 6 7 4 2 1 0
16 9 7 2 6 3 4 0 5 1 7
16 10 6 4 5 3 7 2 1 6 0
16 10 6 5 3 1 7 4 2 6 0
16 11 5 3 0 1 5 2 4 6 7
16 9 7 2 5 1 3 0 4 6 7
16 9 7 2 1 6 3 0 4 5 7
16 9 7 3 1 5 0 4 6 2 7
16 9 7 3 2 5 0 4 1 6 7
16 12 4 0 3 5 7 2 4 6 1
