0 0 0 4 7 0 6 2 3 5 1
12 1 11 4 7 5 6 2 3 0 1
12 1 11 4 0 7 6 2 3 5 1
12 1 11 4 7 6 0 2 3 5 1
12 2 10 4 7 5 6 2 3 1 0
12 2 10 4 3 7 6 2 0 5 1
12 2 10 0 4 7 6 2 3 5 1
11 5 6 1 4 7 6 2 3 5 0
11 6 5 1 4 7 0 2 3 5 6
11 7 4 1 4 0 7 2 3 5 6
11 8 3 1 4 5 7 2 3 0 6
11 9 2 1 4 5 7 2 3 6 0
12 2 10 4 7 6 1 2 3 5 0
12 3 9 4 7 5 0 2 3 1 6
13 6 7 1 4 7 6 2 3 0 5
13 8 5 1 0 4 7 2 3 5 6
13 9 4 1 4 5 7 2 0 3 6
13 10 3 1 4 5 0 2 3 6 7
13 9 4 1 3 4 7 2 0 5 6
13 10 3 1 0 5 7 2 4 3 6
14 2 12 4 7 5 6 2 0 3 1
14 3 11 4 3 7 6 0 2 5 1
13 5 8 4 3 7 6 1 2 5 0
13 6 7 4 3 7 0 1 2 5 6
13 7 6 4 3 0 7 1 2 5 6
13 8 5 4 3 5 7 1 2 0 6
13 9 4 4 3 5 7 1 2 6 0
14 3 11 4 3 7 6 2 5 0 1
14 3 11 2 4 7 6 0 3 5 1
13 5 8 2 4 7 6 1 3 5 0
13 6 7 2 4 7 0 1 3 5 6
13 7 6 2 4 0 7 1 3 5 6
13 8 5 2 4 5 7 1 3 0 6
13 9 4 2 4 5 7 1 3 6 0
14 8 6 1 4 0 6 2 3 5 7
14 9 5 1 4 7 5 2 3 0 6
14 3 11 4 7 6 1 2 3 0 5
14 4 10 4 7 0 5 2 3 1 6
14 4 10 0 3 7 6 4 2 5 1
13 7 6 1 3 7 6 4 2 5 0
13 8 5 1 3 7 0 4 2 5 6
13 9 4 1 3 0 7 4 2 5 6
13 10 3 1 3 5 7 4 2 0 6
13 11 2 1 3 5 7 4 2 6 0
14 4 10 4 3 7 6 2 5 1 0
14 9 5 1 4 5 6 2 3 0 7
14 9 5 1 4 6 0 2 3 5 7
14 10 4 1 4 7 5 2 3 6 0
14 4 10 4 7 0 1 2 3 6 5
14 5 9 4 7 1 5 2 3 0 6
14 5 9 4 0 7 5 2 3 1 6
14 5 9 4 3 7 0 2 5 1 6
14 10 4 1 4 6 7 2 3 5 0
14 5 9 4 0 7 1 2 3 6 5
14 5 9 4 7 1 0 2 3 6 5
14 6 8 4 7 1 5 2 3 6 0
14 6 8 4 3 7 5 2 0 1 6
14 6 8 0 4 7 5 2 3 1 6
14 6 8 4 3 0 7 2 5 1 6
14 6 8 4 3 7 1 2 0 6 5
14 6 8 0 4 7 1 2 3 6 5
13 8 5 1 4 7 0 2 3 6 5
13 9 4 1 4 7 5 2 3 6 0
13 9 4 1 4 0 7 2 3 6 5
14 7 7 4 3 7 5 2 1 0 6
14 7 7 4 3 1 7 2 5 0 6
14 8 6 4 3 7 5 2 1 6 0
14 8 6 4 3 1 7 2 0 5 6
14 8 6 4 3 1 7 2 5 6 0
15 3 12 0 7 6 4 2 3 5 1
14 6 8 1 7 6 4 2 3 5 0
14 7 7 1 7 6 0 2 3 5 4
15 4 11 4 7 6 5 2 3 0 1
15 5 10 0 7 5 6 2 3 1 4
15 4 11 6 4 7 0 2 3 5 1
15 5 10 3 4 7 6 2 0 5 1
15 5 10 0 7 6 1 2 3 5 4
15 5 10 4 7 0 1 2 3 5 6
15 5 10 0 7 5 4 2 3 1 6
15 6 9 4 7 5 1 2 3 0 6
15 7 8 1 4 0 6 2 3 7 5
15 7 8 1 4 7 6 2 0 3 5
15 9 6 0 1 4 7 2 3 5 6
15 10 5 1 4 5 7 0 2 3 6
15 11 4 1 4 0 5 2 3 6 7
15 10 5 1 3 4 7 0 2 5 6
15 10 5 1 3 4 7 2 5 0 6
15 11 4 0 1 5 7 2 4 3 6
15 11 4 1 5 0 7 2 4 3 6
15 6 9 4 3 7 6 1 2 0 5
15 8 7 4 0 3 7 1 2 5 6
15 9 6 4 3 5 7 1 0 2 6
15 10 5 4 3 5 0 1 2 6 7
15 6 9 2 4 7 6 1 3 0 5
15 8 7 2 0 4 7 1 3 5 6
15 9 6 2 4 5 7 1 0 3 6
15 10 5 2 4 5 0 1 3 6 7
15 8 7 1 3 7 6 4 2 0 5
15 10 5 1 0 3 7 4 2 5 6
15 11 4 1 3 5 7 4 0 2 6
15 12 3 1 3 5 0 4 2 6 7
15 10 5 1 4 6 7 2 3 0 5
15 10 5 1 0 4 7 2 3 6 5
15 5 10 4 7 0 5 2 3 6 1
15 5 10 4 7 6 5 2 3 1 0
15 5 10 6 4 7 1 2 3 5 0
15 5 10 6 4 0 7 2 3 5 1
15 6 9 3 0 7 6 2 4 5 1
15 6 9 4 0 7 1 2 3 5 6
15 6 9 4 7 1 0 2 3 5 6
15 7 8 4 7 5 1 2 3 6 0
15 8 7 1 4 6 0 2 3 7 5
15 8 7 1 0 7 6 2 4 3 5
15 11 4 1 3 0 7 2 5 4 6
15 11 4 1 3 4 7 2 5 6 0
15 12 3 1 5 3 7 2 4 0 6
15 9 6 0 4 3 7 1 2 5 6
15 9 6 2 3 4 7 1 0 5 6
15 10 5 2 0 5 7 1 4 3 6
15 12 3 1 3 5 7 0 4 2 6
15 11 4 1 3 4 7 2 0 6 5
15 6 9 4 0 7 5 2 3 6 1
15 6 9 4 7 5 0 2 3 6 1
15 6 9 6 4 5 7 2 3 0 1
15 7 8 0 3 7 6 2 4 5 1
14 10 4 1 3 7 6 2 4 5 0
14 11 3 1 3 7 0 2 4 5 6
14 12 2 1 3 0 7 2 4 5 6
14 13 1 1 3 5 7 2 4 0 6
