0 0 0 2 6 3 1 7 4 5 0
11 2 9 2 6 3 1 0 4 5 7
11 3 8 0 6 3 1 2 4 5 7
10 5 5 1 6 3 0 2 4 5 7
10 6 4 1 6 3 7 2 4 5 0
12 5 7 2 6 3 0 1 4 5 7
12 6 6 1 6 0 3 2 4 5 7
12 7 5 1 6 3 7 2 4 0 5
12 6 6 2 6 3 7 1 4 5 0
12 7 5 1 6 5 3 2 4 0 7
12 7 5 1 0 6 3 2 4 5 7
13 3 10 2 6 3 1 4 0 5 7
13 4 9 6 0 3 1 2 4 5 7
13 8 5 1 6 3 5 2 4 0 7
13 4 9 2 0 3 1 4 6 5 7
13 5 8 6 3 0 1 2 4 5 7
13 5 8 2 3 0 1 4 6 5 7
13 6 7 6 3 5 1 2 4 0 7
13 6 7 6 3 1 0 2 4 5 7
13 6 7 2 3 5 1 4 6 0 7
13 6 7 2 3 1 0 4 6 5 7
13 7 6 6 3 1 7 2 4 5 0
13 7 6 2 3 5 1 4 0 6 7
13 7 6 2 3 1 7 4 6 5 0
13 8 5 2 3 5 1 0 4 6 7
13 9 4 0 3 5 1 2 4 6 7
12 11 1 1 3 5 0 2 4 6 7
