0 0 0 2 6 3 1 7 4 5 0
9 1 8 2 6 3 1 7 4 0 5
10 1 9 2 6 3 0 7 4 5 1
10 2 8 2 6 3 1 0 4 5 7
10 2 8 2 6 3 1 7 0 4 5
11 3 8 0 6 3 1 2 4 5 7
11 3 8 2 6 3 1 4 0 5 7
11 3 8 2 0 3 1 7 6 4 5
11 3 8 2 6 3 1 0 7 4 5
11 5 6 1 6 3 0 2 4 5 7
10 6 4 1 6 3 7 2 4 5 0
11 4 7 0 2 3 1 7 6 4 5
11 5 6 2 6 3 1 5 7 4 0
11 6 5 1 2 3 0 7 6 4 5
12 2 10 2 6 0 1 7 4 3 5
12 4 8 2 6 3 7 0 4 5 1
12 4 8 6 0 3 1 2 4 5 7
12 6 6 7 6 3 1 2 4 5 0
12 4 8 2 0 3 1 4 6 5 7
12 4 8 2 6 3 1 4 5 0 7
11 5 6 2 6 3 1 4 5 7 0
12 5 7 7 2 3 1 0 6 4 5
12 7 5 5 2 3 1 7 6 4 0
12 6 6 2 6 3 1 5 7 0 4
12 7 5 1 2 3 5 7 6 4 0
12 9 3 1 2 3 4 7 6 0 5
12 3 9 2 6 1 0 7 4 3 5
12 6 6 2 6 3 7 1 4 5 0
12 5 7 6 3 0 1 2 4 5 7
11 6 5 6 3 5 1 2 4 0 7
12 5 7 0 2 3 1 4 6 5 7
11 6 5 4 2 3 1 0 6 5 7
12 7 5 7 2 3 1 5 6 4 0
12 7 5 2 6 3 1 5 0 7 4
12 10 2 1 2 3 4 7 6 5 0
12 6 6 6 3 1 0 2 4 5 7
11 7 4 6 3 1 7 2 4 5 0
12 7 5 6 3 5 1 2 4 7 0
12 7 5 1 2 3 0 4 6 5 7
12 8 4 4 2 3 1 7 6 5 0
13 3 10 0 6 3 1 7 4 5 2
12 4 8 7 6 3 1 0 4 5 2
13 2 11 2 6 0 3 7 4 5 1
12 3 9 2 6 5 3 7 4 0 1
12 4 8 2 6 5 3 7 4 1 0
13 3 10 0 6 3 2 7 4 5 1
12 6 6 1 6 3 2 7 4 5 0
13 5 8 2 0 3 1 6 4 5 7
13 5 8 2 6 3 0 1 4 5 7
13 4 9 2 3 0 1 7 6 4 5
12 5 7 2 3 4 1 7 6 0 5
12 6 6 2 3 4 1 7 6 5 0
13 6 7 1 6 0 3 2 4 5 7
12 7 5 1 6 5 3 2 4 0 7
13 7 6 1 6 3 7 2 4 0 5
13 5 8 0 6 3 7 2 4 5 1
13 5 8 6 4 3 1 2 0 5 7
13 5 8 2 3 0 1 4 6 5 7
12 6 6 2 3 5 1 4 6 0 7
12 7 5 2 3 5 1 4 0 6 7
12 8 4 2 3 5 1 0 4 6 7
13 7 6 2 6 3 1 0 5 7 4
13 8 5 5 2 3 1 7 6 0 4
13 8 5 1 2 3 5 7 6 0 4
13 4 9 2 6 1 5 7 4 3 0
13 7 6 6 3 5 1 2 0 4 7
13 7 6 4 2 3 1 6 0 5 7
13 8 5 7 2 3 1 5 6 0 4
13 8 5 2 0 3 1 5 6 7 4
13 8 5 1 2 3 7 4 6 5 0
13 10 3 1 2 3 4 0 6 5 7
13 5 8 1 6 3 0 7 4 5 2
13 3 10 2 0 6 3 7 4 5 1
13 6 7 2 4 3 1 6 0 5 7
13 6 7 2 3 0 1 6 4 5 7
12 7 5 2 3 5 1 6 4 0 7
13 5 8 2 3 1 0 7 6 4 5
13 7 6 1 0 6 3 2 4 5 7
13 8 5 1 6 5 3 2 4 7 0
13 6 7 2 3 1 0 4 6 5 7
12 7 5 2 3 1 7 4 6 5 0
13 7 6 2 3 5 1 4 6 7 0
13 9 4 0 3 5 1 2 4 6 7
13 9 4 0 2 3 1 5 6 7 4
13 7 6 2 4 3 1 0 6 5 7
13 7 6 2 3 1 0 6 4 5 7
12 8 4 2 3 1 7 6 4 5 0
13 8 5 2 3 5 1 6 4 7 0
13 6 7 2 3 1 5 7 6 4 0
13 11 2 1 3 5 0 2 4 6 7
