0 0 0 4 0 6 7 3 1 5 2
10 1 9 4 1 6 7 3 0 5 2
10 2 8 4 1 6 7 0 3 5 2
10 4 6 4 1 6 7 2 3 5 0
11 1 10 0 4 6 7 3 1 5 2
10 2 8 3 4 6 7 0 1 5 2
10 3 7 3 4 6 7 1 0 5 2
10 4 6 3 4 6 7 2 1 5 0
11 3 8 0 1 6 7 4 3 5 2
11 4 7 1 4 6 7 3 0 5 2
11 4 7 3 0 6 7 1 4 5 2
11 4 7 1 0 6 7 4 3 5 2
10 5 5 1 3 6 7 4 0 5 2
10 6 4 1 3 6 7 0 4 5 2
10 8 2 1 3 6 7 2 4 5 0
11 5 6 1 4 6 7 0 3 5 2
11 5 6 0 3 6 7 1 4 5 2
11 7 4 1 4 6 7 2 3 5 0
12 2 10 4 1 6 7 3 5 0 2
12 4 8 2 4 6 7 3 1 5 0
12 4 8 3 4 6 7 1 5 0 2
12 6 6 2 1 6 7 4 3 5 0
12 5 7 1 0 6 7 3 4 5 2
12 6 6 1 3 6 7 4 5 0 2
12 8 4 2 3 6 7 1 4 5 0
12 3 9 4 1 6 7 3 5 2 0
12 5 7 3 4 6 7 1 5 2 0
12 7 5 1 3 6 7 4 5 2 0
13 1 12 4 6 0 7 3 1 5 2
12 2 10 4 6 5 7 3 1 0 2
12 3 9 4 6 5 7 3 1 2 0
13 5 8 4 1 6 0 2 3 5 7
13 5 8 4 1 6 7 2 3 0 5
13 3 10 7 4 6 0 3 1 5 2
13 5 8 3 4 6 0 2 1 5 7
13 5 8 3 4 6 7 2 1 0 5
13 5 8 7 1 6 0 4 3 5 2
13 6 7 3 1 6 7 4 0 5 2
13 5 8 1 4 6 7 3 5 0 2
13 5 8 3 6 0 7 1 4 5 2
12 6 6 3 6 5 7 1 4 0 2
12 7 5 3 6 5 7 1 4 2 0
13 5 8 1 6 0 7 4 3 5 2
12 6 6 1 6 5 7 4 3 0 2
12 7 5 1 6 5 7 4 3 2 0
13 9 4 1 3 6 0 2 4 5 7
13 9 4 1 3 6 7 2 4 0 5
13 7 6 7 3 6 0 1 4 5 2
13 3 10 4 1 0 7 3 5 6 2
13 5 8 3 4 0 7 1 5 6 2
13 7 6 1 3 0 7 4 5 6 2
13 2 11 4 6 7 0 3 1 5 2
12 3 9 4 6 7 2 3 1 5 0
13 3 10 4 6 5 7 3 0 1 2
13 7 6 3 1 6 7 0 4 5 2
13 6 7 1 4 6 7 3 5 2 0
13 4 9 4 6 5 7 0 3 1 2
13 9 4 3 1 6 7 2 4 5 0
13 6 7 4 6 5 7 2 3 1 0
14 5 9 4 0 6 7 1 3 5 2
13 6 7 4 3 6 7 1 0 5 2
14 7 7 0 1 6 7 2 3 5 4
14 5 9 3 0 6 7 4 1 5 2
14 6 8 0 4 6 7 1 3 5 2
14 8 6 1 4 6 0 2 3 5 7
14 8 6 1 4 6 7 2 3 0 5
14 6 8 0 1 6 7 3 4 5 2
14 6 8 1 6 0 7 3 4 5 2
13 7 6 1 6 5 7 3 4 0 2
13 8 5 1 6 5 7 3 4 2 0
14 6 8 4 1 0 7 2 3 6 5
14 4 10 7 4 6 2 3 1 5 0
14 6 8 3 4 0 7 2 1 6 5
14 6 8 3 4 6 7 2 0 1 5
14 6 8 7 1 6 2 4 3 5 0
14 6 8 1 4 0 7 3 5 6 2
14 6 8 3 6 7 0 1 4 5 2
14 7 7 3 6 5 7 1 0 4 2
14 6 8 1 6 7 0 4 3 5 2
14 7 7 1 6 5 7 4 0 3 2
14 10 4 1 3 0 7 2 4 6 5
14 8 6 7 3 6 2 1 4 5 0
14 4 10 4 0 1 7 3 5 6 2
13 5 8 4 5 1 7 3 0 6 2
13 6 7 4 5 1 7 0 3 6 2
13 8 5 4 5 1 7 2 3 6 0
14 4 10 4 1 7 0 3 5 6 2
13 5 8 4 1 7 2 3 5 6 0
14 6 8 3 4 7 0 1 5 6 2
14 8 6 1 3 7 0 4 5 6 2
14 4 10 4 6 7 2 3 1 0 5
14 4 10 4 0 5 7 3 6 1 2
14 5 9 0 6 5 7 4 3 1 2
14 8 6 1 0 6 7 2 3 5 4
13 9 4 1 3 6 7 2 0 5 4
14 6 8 0 3 6 7 4 1 5 2
14 8 6 1 6 5 7 0 4 3 2
14 5 9 0 4 1 7 3 5 6 2
13 6 7 3 4 1 7 0 5 6 2
13 8 5 3 4 1 7 2 5 6 0
14 7 7 0 5 1 7 4 3 6 2
14 7 7 3 4 7 2 1 5 6 0
14 5 9 0 4 5 7 3 6 1 2
13 6 7 3 4 5 7 0 6 1 2
13 8 5 3 4 5 7 2 6 1 0
14 10 4 1 6 5 7 2 4 3 0
14 7 7 3 4 1 7 5 0 6 2
14 7 7 3 4 5 7 6 0 1 2
15 5 10 4 1 6 0 7 3 5 2
15 7 8 4 1 0 7 2 3 5 6
14 8 6 4 1 5 7 2 3 0 6
13 9 4 4 1 5 7 2 3 6 0
15 5 10 3 4 6 0 7 1 5 2
15 7 8 3 4 0 7 2 1 5 6
14 8 6 3 4 5 7 2 1 0 6
13 9 4 3 4 5 7 2 1 6 0
15 9 6 1 3 6 0 7 4 5 2
15 11 4 1 3 0 7 2 4 5 6
14 12 2 1 3 5 7 2 4 0 6
