0 0 0 6 1 2 3 5 4 7 0
10 1 9 6 1 2 0 5 4 7 3
10 1 9 6 1 2 3 5 4 0 7
10 2 8 6 1 2 3 5 0 4 7
11 3 8 0 1 2 3 5 4 7 6
11 4 7 1 0 2 3 5 4 7 6
11 5 6 1 4 2 3 5 0 7 6
11 5 6 1 2 0 3 5 4 7 6
11 6 5 1 2 3 0 5 4 7 6
12 2 10 6 1 0 2 5 4 7 3
12 2 10 6 1 0 3 5 4 2 7
12 3 9 6 0 2 3 5 1 4 7
12 3 9 6 1 2 3 0 5 4 7
12 3 9 6 1 3 0 5 4 2 7
12 4 8 0 6 2 3 5 1 4 7
12 4 8 6 2 0 3 5 1 4 7
12 4 8 0 1 2 3 6 5 4 7
12 5 7 6 2 4 3 5 1 0 7
12 5 7 6 2 3 0 5 1 4 7
12 5 7 1 0 2 3 6 5 4 7
12 6 6 6 2 4 3 5 1 7 0
12 6 6 1 2 0 3 6 5 4 7
12 7 5 1 2 4 3 6 5 0 7
12 7 5 1 2 3 0 6 5 4 7
12 8 4 1 2 4 3 6 5 7 0
13 2 11 6 1 2 3 0 4 7 5
13 3 10 6 1 0 3 5 4 7 2
13 3 10 0 1 2 6 5 4 7 3
13 4 9 5 1 2 3 0 4 7 6
13 6 7 1 4 2 3 0 5 7 6
13 6 7 1 4 2 3 5 7 0 6
13 6 7 1 2 7 3 5 4 0 6
13 7 6 1 2 3 6 5 4 7 0
13 7 6 1 6 2 3 5 0 4 7
13 8 5 6 2 3 4 5 1 0 7
13 10 3 1 2 3 4 6 5 0 7
13 3 10 0 1 2 3 6 4 7 5
13 4 9 6 1 3 0 5 4 7 2
13 4 9 1 0 2 6 5 4 7 3
13 7 6 1 4 2 3 5 7 6 0
13 7 6 1 2 7 3 5 0 4 6
13 7 6 1 2 7 3 5 4 6 0
13 8 5 1 0 2 3 5 6 4 7
13 9 4 6 2 3 4 5 1 7 0
13 11 2 1 2 3 4 6 5 7 0
13 4 9 1 0 2 3 6 4 7 5
13 5 8 6 1 3 2 5 4 7 0
13 5 8 1 4 2 6 5 0 7 3
13 5 8 1 2 0 6 5 4 7 3
13 9 4 1 2 0 3 5 6 4 7
13 5 8 1 4 2 3 6 0 7 5
13 5 8 1 2 0 3 6 4 7 5
13 6 7 1 2 6 0 5 4 7 3
13 10 3 1 2 4 3 5 6 0 7
13 10 3 1 2 3 0 5 6 4 7
13 6 7 1 4 2 3 0 6 7 5
12 8 4 1 4 2 3 5 6 7 0
13 6 7 1 2 3 0 6 4 7 5
13 7 6 1 2 6 3 5 4 7 0
13 11 2 1 2 4 3 5 6 7 0
14 5 9 3 1 2 0 5 4 7 6
14 6 8 4 1 2 3 5 0 7 6
14 3 11 6 1 7 2 5 4 0 3
14 3 11 6 0 1 2 5 4 7 3
14 3 11 6 0 1 3 5 4 2 7
14 4 10 6 1 3 7 5 4 2 0
14 5 9 5 6 2 3 0 1 4 7
14 6 8 6 2 4 3 5 0 1 7
14 6 8 6 2 3 7 5 1 4 0
14 6 8 1 5 2 3 6 0 4 7
14 7 7 6 2 4 0 5 1 7 3
14 8 6 1 2 4 3 6 0 5 7
14 8 6 1 2 3 7 6 5 4 0
14 9 5 1 2 4 0 6 5 7 3
14 6 8 5 1 2 3 6 4 7 0
14 8 6 1 4 2 3 6 5 7 0
14 13 1 1 2 3 4 5 6 0 7
14 9 5 1 4 2 0 5 6 7 3
14 9 5 1 4 2 3 5 6 0 7
14 4 10 6 1 7 2 5 0 4 3
14 4 10 6 1 7 2 5 4 3 0
14 4 10 6 4 1 2 5 0 7 3
14 4 10 0 6 1 2 5 4 7 3
14 4 10 6 4 1 3 5 0 2 7
14 4 10 0 6 1 3 5 4 2 7
14 6 8 5 6 2 3 1 0 4 7
14 7 7 6 2 3 7 5 1 0 4
14 7 7 1 5 2 3 0 6 4 7
14 8 6 6 2 0 4 5 1 7 3
14 9 5 1 2 4 3 0 6 5 7
14 9 5 1 2 3 7 6 5 0 4
14 10 4 1 2 0 4 6 5 7 3
