0 0 0 3 5 1 0 4 6 7 2
12 3 9 3 5 1 7 4 6 0 2
12 3 9 3 5 1 4 0 6 7 2
12 4 8 3 5 1 7 4 0 6 2
12 4 8 3 5 1 7 4 6 2 0
12 5 7 3 5 1 7 0 4 6 2
11 7 4 3 5 1 7 2 4 6 0
13 1 12 3 5 1 2 4 6 7 0
12 3 9 3 5 1 2 0 6 7 4
13 1 12 3 5 0 1 4 6 7 2
13 5 8 3 5 1 4 2 6 7 0
13 6 7 3 0 1 4 5 6 7 2
13 8 5 3 5 1 0 2 4 6 7
13 8 5 3 5 1 7 2 4 0 6
13 2 11 3 5 1 2 4 6 0 7
13 6 7 3 0 1 2 5 6 7 4
13 2 11 3 5 7 1 4 6 0 2
13 2 11 3 0 5 1 4 6 7 2
13 7 6 0 3 1 4 5 6 7 2
13 7 6 3 1 0 4 5 6 7 2
13 3 10 3 5 1 2 4 0 6 7
13 7 6 0 3 1 2 5 6 7 4
13 7 6 3 1 0 2 5 6 7 4
13 3 10 3 5 7 1 4 0 6 2
13 3 10 3 5 7 1 4 6 2 0
13 3 10 0 3 5 1 4 6 7 2
12 5 7 1 3 5 0 4 6 7 2
13 4 9 3 5 1 2 0 4 6 7
12 7 5 3 5 1 0 2 4 6 7
13 8 5 3 1 2 0 5 6 7 4
13 4 9 3 5 7 1 0 4 6 2
12 6 6 3 5 7 1 2 4 6 0
13 8 5 1 3 5 7 4 6 0 2
13 9 4 3 1 2 4 5 6 7 0
13 9 4 1 3 5 7 4 0 6 2
13 9 4 1 3 5 7 4 6 2 0
13 10 3 1 3 5 7 0 4 6 2
