0 0 0 4 2 7 1 0 5 6 3
8 1 7 4 2 7 1 5 0 6 3
8 2 6 4 2 7 1 5 6 0 3
7 3 4 4 2 7 1 5 6 3 0
9 2 7 4 2 7 1 3 5 6 0
9 3 6 4 2 0 1 5 6 7 3
9 4 5 4 2 1 0 5 6 7 3
8 5 3 4 2 1 3 5 6 7 0
10 4 6 4 2 7 0 5 6 3 1
11 1 10 0 2 7 1 4 5 6 3
11 3 8 4 2 7 0 1 5 6 3
10 4 6 4 2 7 3 1 5 6 0
11 2 9 4 0 7 1 5 2 6 3
11 5 6 4 2 7 1 0 6 3 5
11 3 8 4 2 7 1 3 5 0 6
11 4 7 4 0 2 1 5 6 7 3
11 6 5 0 2 1 4 5 6 7 3
11 6 5 4 2 1 3 5 6 0 7
11 3 8 1 2 7 0 4 5 6 3
10 4 6 1 2 7 3 4 5 6 0
11 4 7 3 2 7 1 4 5 6 0
11 9 2 3 2 1 4 5 6 7 0
12 6 6 0 2 7 1 5 6 3 4
12 6 6 4 2 0 1 5 6 3 7
11 7 4 4 2 3 1 5 6 0 7
10 8 2 4 2 3 1 5 6 7 0
12 3 9 4 2 7 0 3 5 6 1
12 7 5 4 2 1 3 0 6 7 5
12 6 6 0 2 7 4 5 6 3 1
11 9 2 1 2 7 4 5 6 3 0
12 2 10 2 0 7 1 4 5 6 3
11 3 8 2 5 7 1 4 0 6 3
11 4 7 2 5 7 1 0 4 6 3
12 5 7 4 2 7 3 1 5 0 6
12 3 9 0 4 7 1 5 2 6 3
12 4 8 4 2 0 1 3 5 7 6
12 4 8 4 2 7 1 3 0 5 6
12 5 7 4 6 2 1 5 0 7 3
12 5 7 0 4 2 1 5 6 7 3
12 7 5 5 2 1 4 0 6 7 3
12 6 6 1 2 7 4 0 5 6 3
12 5 7 1 2 7 3 4 5 0 6
12 6 6 1 2 7 3 0 5 6 4
12 8 4 1 2 7 0 5 6 3 4
12 7 5 4 2 1 0 5 6 3 7
12 5 7 0 5 7 1 2 4 6 3
12 6 6 2 5 7 1 3 4 6 0
12 4 8 5 4 7 1 0 2 6 3
12 5 7 1 4 7 0 5 2 6 3
11 6 5 1 4 7 3 5 2 6 0
12 6 6 3 4 7 1 5 2 6 0
12 5 7 4 2 1 0 3 5 7 6
12 7 5 1 4 2 0 5 6 7 3
11 8 3 1 4 2 3 5 6 7 0
12 8 4 3 4 2 1 5 6 7 0
12 7 5 1 2 7 4 5 0 6 3
12 7 5 1 2 7 3 5 0 6 4
12 7 5 1 5 7 0 2 4 6 3
11 8 3 1 5 7 3 2 4 6 0
12 8 4 3 5 7 1 2 4 6 0
12 5 7 5 4 7 1 2 0 6 3
12 8 4 1 2 7 4 5 6 0 3
12 8 4 1 2 7 3 5 6 0 4
13 3 10 4 0 7 1 2 5 6 3
12 4 8 4 5 7 1 2 0 6 3
13 8 5 0 2 1 3 5 6 7 4
13 5 8 4 2 0 7 5 6 3 1
12 6 6 4 2 3 7 5 6 0 1
12 7 5 4 2 3 7 5 6 1 0
13 7 6 4 2 7 3 5 6 0 1
13 4 9 5 2 7 1 4 0 6 3
13 5 8 0 2 7 4 1 5 6 3
13 3 10 4 7 0 1 5 2 6 3
13 6 7 4 2 7 1 6 0 3 5
13 7 6 2 0 1 4 5 6 7 3
13 7 6 4 2 1 3 5 0 6 7
13 4 9 1 2 0 7 4 5 6 3
13 5 8 3 2 7 1 4 5 0 6
13 6 7 3 2 7 1 0 5 6 4
13 7 6 5 2 7 1 0 6 3 4
13 8 5 4 2 3 1 5 0 6 7
13 9 4 4 2 3 0 5 6 7 1
13 7 6 5 2 7 4 0 6 3 1
13 3 10 2 7 0 1 4 5 6 3
13 4 9 2 5 7 1 4 6 0 3
13 6 7 4 2 0 3 1 5 7 6
12 7 5 4 2 3 0 1 5 7 6
13 6 7 4 2 7 3 1 0 5 6
13 5 8 4 2 7 1 0 3 5 6
13 6 7 5 4 2 1 0 6 7 3
13 9 4 5 2 1 4 3 6 7 0
13 8 5 1 2 7 4 3 5 6 0
13 6 7 1 2 0 3 4 5 7 6
12 7 5 1 2 3 0 4 5 7 6
13 6 7 1 2 7 3 4 0 5 6
13 8 5 4 2 1 7 5 6 3 0
13 6 7 5 0 7 1 2 4 6 3
13 6 7 5 4 7 1 3 2 6 0
13 7 6 1 4 7 3 5 2 0 6
13 6 7 4 2 1 6 3 5 7 0
13 8 5 1 5 0 7 2 4 6 3
13 9 4 1 2 0 4 5 6 7 3
13 9 4 1 2 0 3 5 6 7 4
12 10 2 1 2 3 0 5 6 7 4
