0 0 0 6 4 5 0 3 7 2 1
15 1 14 6 4 5 1 3 7 2 0
16 2 14 0 4 5 6 3 7 2 1
15 5 10 1 4 5 6 3 7 2 0
15 6 9 1 4 5 0 3 7 2 6
16 4 12 0 4 5 1 3 7 2 6
16 3 13 3 4 5 6 0 7 2 1
15 5 10 3 4 5 6 1 7 2 0
15 6 9 3 4 5 0 1 7 2 6
16 5 11 3 4 5 1 0 7 2 6
17 1 16 6 4 0 5 3 7 2 1
17 2 15 6 4 5 1 3 7 0 2
17 6 11 1 4 5 6 3 7 0 2
17 7 10 1 4 0 5 3 7 2 6
17 6 11 3 4 5 6 1 7 0 2
17 7 10 3 4 0 5 1 7 2 6
17 3 14 6 4 5 1 3 0 7 2
17 7 10 1 4 5 6 3 0 7 2
17 7 10 3 4 5 6 1 0 7 2
17 4 13 6 0 5 1 3 4 7 2
17 4 13 6 4 5 1 0 3 7 2
16 6 10 6 4 5 1 2 3 7 0
16 7 9 6 4 5 1 2 3 0 7
17 8 9 1 0 5 6 3 4 7 2
17 8 9 1 4 5 6 0 3 7 2
16 10 6 1 4 5 6 2 3 7 0
16 11 5 1 4 5 0 2 3 7 6
16 11 5 1 4 5 6 2 3 0 7
17 8 9 3 0 5 6 1 4 7 2
17 5 12 0 6 5 1 3 4 7 2
16 7 9 1 6 5 0 3 4 7 2
17 5 12 0 4 5 1 6 3 7 2
16 7 9 1 4 5 0 6 3 7 2
17 9 8 0 4 5 1 2 3 7 6
17 14 3 1 4 5 7 2 3 0 6
17 9 8 0 3 5 6 1 4 7 2
17 6 11 3 6 5 1 0 4 7 2
16 8 8 3 6 5 1 2 4 7 0
16 9 7 3 6 5 1 2 4 0 7
17 10 7 1 6 5 7 3 4 0 2
17 10 7 1 4 5 7 6 3 0 2
17 15 2 1 4 5 7 2 3 6 0
17 10 7 1 3 5 6 0 4 7 2
16 12 4 1 3 5 6 2 4 7 0
16 13 3 1 3 5 0 2 4 7 6
16 13 3 1 3 5 6 2 4 0 7
17 11 6 1 6 5 7 3 4 2 0
17 11 6 1 4 5 7 6 3 2 0
17 16 1 1 3 5 7 2 4 0 6
