0 0 0 3 1 5 6 2 4 7 0
7 1 6 3 1 5 0 2 4 7 6
7 1 6 3 1 5 6 2 4 0 7
8 4 4 3 1 5 7 2 4 0 6
7 5 2 3 1 5 7 2 4 6 0
9 2 7 3 1 5 6 2 0 4 7
10 2 8 3 1 5 6 0 4 7 2
10 2 8 3 1 0 5 2 4 7 6
9 3 6 3 1 7 5 2 4 0 6
8 4 4 3 1 7 5 2 4 6 0
10 3 7 0 1 5 3 2 4 7 6
10 2 8 3 1 0 6 2 4 5 7
9 3 6 3 1 6 0 2 4 5 7
8 4 4 3 1 6 7 2 4 5 0
10 5 5 3 1 5 7 2 0 4 6
10 6 4 3 1 5 0 2 4 6 7
10 4 6 1 0 5 3 2 4 7 6
11 5 6 3 1 0 7 2 4 5 6
11 7 4 3 1 5 7 0 4 6 2
11 3 8 3 1 5 6 0 2 4 7
11 3 8 3 0 1 5 2 4 7 6
11 4 7 3 1 7 5 2 0 4 6
11 5 6 3 1 7 0 2 4 6 5
11 4 7 2 1 5 3 0 4 7 6
11 3 8 3 0 1 6 2 4 5 7
11 5 6 3 1 6 7 2 4 0 5
11 5 6 1 4 5 3 2 0 7 6
11 4 7 0 3 1 5 2 4 7 6
11 4 7 0 3 1 6 2 4 5 7
12 3 9 0 1 5 6 2 4 7 3
12 4 8 3 1 5 2 0 4 7 6
12 3 9 3 0 5 6 2 1 4 7
12 3 9 3 1 5 6 4 0 7 2
12 5 7 3 1 5 0 6 4 7 2
12 6 6 3 1 7 5 0 4 6 2
12 6 6 6 1 5 3 2 4 7 0
12 5 7 0 1 6 3 2 4 5 7
12 6 6 3 1 6 5 2 4 0 7
12 6 6 3 1 6 7 0 4 5 2
12 6 6 3 1 5 7 0 2 4 6
12 5 7 1 5 0 3 2 4 7 6
11 6 5 1 5 7 3 2 4 0 6
10 7 3 1 5 7 3 2 4 6 0
12 6 6 3 0 1 7 2 4 5 6
12 6 6 3 1 7 0 2 4 5 6
12 4 8 3 4 1 5 2 0 7 6
12 6 6 3 1 0 7 2 4 6 5
12 6 6 2 1 5 3 6 4 7 0
12 4 8 3 4 1 6 2 0 5 7
12 6 6 1 4 5 3 2 7 0 6
11 7 4 1 4 5 3 2 7 6 0
12 5 7 2 3 1 5 0 4 7 6
12 6 6 5 3 1 0 2 4 7 6
12 5 7 2 3 1 6 0 4 5 7
12 6 6 6 3 1 0 2 4 5 7
11 7 4 6 3 1 7 2 4 5 0
12 7 5 7 3 1 6 2 4 5 0
12 4 8 1 0 5 6 2 4 7 3
12 4 8 0 3 5 6 2 1 4 7
12 6 6 1 0 6 3 2 4 5 7
12 6 6 1 5 3 0 2 4 7 6
12 7 5 0 3 1 7 2 4 5 6
12 7 5 1 3 5 6 2 0 4 7
12 8 4 1 3 5 6 2 4 0 7
13 3 10 3 1 0 6 2 4 7 5
12 4 8 3 1 7 6 2 4 0 5
11 5 6 3 1 7 6 2 4 5 0
12 4 8 3 1 6 0 2 4 7 5
11 5 6 3 1 6 5 2 4 7 0
13 8 5 0 1 5 7 2 4 6 3
13 3 10 0 1 5 6 3 4 7 2
13 7 6 3 1 0 5 2 4 6 7
13 6 7 3 0 5 7 2 1 4 6
13 8 5 0 1 5 3 2 4 6 7
13 8 5 3 1 5 7 4 0 6 2
13 5 8 3 1 5 6 7 2 4 0
13 6 7 3 1 5 0 6 2 4 7
12 7 5 3 1 5 7 6 2 4 0
13 5 8 3 1 7 5 0 2 4 6
13 5 8 2 1 5 3 4 0 7 6
13 6 7 3 1 6 7 2 0 4 5
13 6 7 1 4 5 3 0 2 7 6
13 7 6 6 3 1 5 2 4 7 0
13 4 9 2 1 5 6 0 4 7 3
13 5 8 6 1 5 0 2 4 7 3
13 6 7 3 1 5 2 6 4 7 0
13 4 9 3 1 5 6 4 7 0 2
13 8 5 3 1 5 7 6 4 0 2
13 7 6 6 1 5 3 2 4 0 7
13 6 7 2 1 6 3 0 4 5 7
13 8 5 7 1 6 3 2 4 5 0
13 7 6 1 5 7 3 2 0 4 6
13 8 5 1 5 7 0 2 4 6 3
13 7 6 3 4 1 7 2 0 5 6
13 5 8 3 4 1 5 0 2 7 6
13 5 8 3 4 1 5 2 7 0 6
12 6 6 3 4 1 5 2 7 6 0
13 7 6 3 0 1 7 2 4 6 5
13 7 6 2 1 5 3 6 4 0 7
13 7 6 2 3 1 5 6 4 7 0
13 7 6 5 3 1 6 2 4 7 0
13 9 4 5 3 1 7 2 4 0 6
12 10 2 5 3 1 7 2 4 6 0
13 8 5 7 3 1 0 2 4 5 6
13 5 8 1 4 5 6 2 0 7 3
13 5 8 2 3 5 6 0 1 4 7
13 6 7 6 3 5 0 2 1 4 7
12 7 5 6 3 5 7 2 1 4 0
13 7 6 7 3 5 6 2 1 4 0
13 7 6 1 4 6 3 2 0 5 7
13 7 6 1 5 3 6 2 4 7 0
13 9 4 1 5 3 7 2 4 0 6
12 10 2 1 5 3 7 2 4 6 0
13 8 5 2 3 1 7 0 4 5 6
13 9 4 1 3 5 6 2 4 7 0
13 9 4 1 0 5 7 2 4 6 3
13 4 9 1 0 5 6 3 4 7 2
13 7 6 0 3 5 7 2 1 4 6
13 9 4 1 0 5 3 2 4 6 7
13 5 8 3 1 5 6 4 7 2 0
13 9 4 3 1 5 7 6 4 2 0
13 8 5 0 3 1 7 2 4 6 5
13 6 7 2 3 5 6 1 0 4 7
13 10 3 1 3 5 7 2 0 4 6
13 7 6 2 3 5 6 1 4 0 7
13 11 2 1 3 5 7 2 4 0 6
