0 0 0 6 4 5 0 3 7 2 1
0 0 9 6 4 5 1 3 7 2 0
0 0 10 6 4 5 3 0 7 2 1
0 0 8 6 4 5 3 1 7 2 0
0 0 9 6 4 5 3 1 7 0 2
0 0 9 0 4 5 3 1 7 2 6
0 0 7 1 4 5 3 0 7 2 6
0 0 6 1 4 5 3 6 7 2 0
0 0 7 7 4 5 3 1 0 2 6
0 0 7 1 4 5 3 7 0 2 6
0 0 7 1 4 5 3 6 7 0 2
0 0 7 7 0 5 3 1 4 2 6
0 0 7 7 4 5 3 1 2 0 6
0 0 5 7 4 5 3 1 2 6 0
0 0 7 1 0 5 3 7 4 2 6
0 0 7 1 4 5 3 7 2 0 6
0 0 5 1 4 5 3 7 2 6 0
0 0 5 1 4 5 3 0 2 6 7
0 0 4 1 4 5 3 2 0 6 7
0 0 4 1 0 5 3 2 4 6 7
0 0 5 1 4 5 3 2 6 0 7
0 0 5 0 1 5 3 2 4 6 7
0 0 3 7 1 5 3 2 4 6 0
0 0 4 3 1 5 0 2 4 6 7
0 0 2 3 1 5 7 2 4 6 0
0 0 4 3 1 5 7 2 4 0 6
0 0 4 3 1 5 7 0 4 6 2
0 0 5 1 5 0 3 2 4 6 7
0 0 4 1 5 3 0 2 4 6 7
0 0 2 1 5 3 7 2 4 6 0
0 0 4 1 5 3 7 2 4 0 6
0 0 4 1 5 3 7 0 4 6 2
0 0 5 1 4 5 3 2 6 7 0
0 0 5 2 1 5 3 0 4 6 7
0 0 5 7 1 5 0 2 4 6 3
0 0 5 7 1 5 3 2 4 0 6
0 0 5 7 1 5 3 0 4 6 2
0 0 5 0 1 5 7 2 4 6 3
0 0 4 1 0 5 7 2 4 6 3
0 0 4 1 4 5 7 2 0 6 3
0 0 5 3 1 5 7 2 0 4 6
0 0 5 3 1 5 7 4 0 6 2
0 0 5 3 0 5 7 1 4 6 2
0 0 4 0 3 5 7 1 4 6 2
0 0 2 1 3 5 7 0 4 6 2
