0 0 0 6 0 3 1 7 5 2 4
11 1 10 0 6 3 1 7 5 2 4
10 3 7 1 6 3 0 7 5 2 4
10 4 6 1 6 3 4 7 5 2 0
11 6 5 1 6 3 4 0 5 2 7
11 7 4 1 6 3 4 5 0 2 7
11 8 3 1 0 3 4 5 6 2 7
11 8 3 1 6 3 4 5 2 0 7
11 9 2 1 6 3 4 5 2 7 0
12 4 8 1 6 0 3 7 5 2 4
12 5 7 1 6 3 4 7 5 0 2
12 5 7 1 6 2 3 7 5 0 4
13 1 12 6 5 3 1 7 0 2 4
13 1 12 6 3 0 1 7 5 2 4
13 2 11 7 6 3 1 0 5 2 4
13 6 7 1 6 3 2 7 5 0 4
13 6 7 1 6 3 7 0 5 2 4
13 7 6 0 6 3 4 1 5 2 7
13 9 4 0 1 3 4 5 6 2 7
13 9 4 1 3 0 4 5 6 2 7
13 9 4 1 6 0 4 5 2 3 7
13 10 3 1 6 3 0 5 2 7 4
13 2 11 6 5 3 1 0 7 2 4
13 2 11 6 5 3 1 7 2 0 4
13 2 11 6 3 2 1 7 5 0 4
13 2 11 6 3 1 0 7 5 2 4
13 3 10 7 6 3 1 5 0 2 4
13 7 6 1 6 3 7 5 0 2 4
13 10 3 1 3 2 4 5 6 0 7
13 3 10 0 5 3 1 6 7 2 4
12 5 7 1 5 3 0 6 7 2 4
12 6 6 1 5 3 4 6 7 2 0
13 3 10 6 3 1 4 7 5 2 0
13 4 9 7 0 3 1 5 6 2 4
13 4 9 7 6 3 1 5 2 0 4
13 8 5 1 0 3 7 5 6 2 4
13 8 5 1 6 3 7 5 2 0 4
13 11 2 1 3 2 4 5 6 7 0
13 4 9 5 0 3 1 6 7 2 4
13 5 8 0 7 3 1 5 6 2 4
12 7 5 1 7 3 0 5 6 2 4
12 8 4 1 7 3 4 5 6 2 0
14 4 10 5 6 3 1 7 0 2 4
14 9 5 1 0 3 4 6 5 2 7
14 5 9 1 0 6 3 7 5 2 4
14 6 8 1 6 0 4 7 5 3 2
14 6 8 1 6 3 4 7 0 5 2
14 6 8 1 6 2 3 7 0 5 4
14 6 8 1 6 2 3 7 5 4 0
14 5 9 7 6 3 0 1 5 2 4
14 5 9 6 0 3 1 5 7 2 4
14 5 9 6 5 3 0 1 7 2 4
14 6 8 1 5 0 3 6 7 2 4
14 7 7 1 5 3 4 6 7 0 2
14 5 9 6 3 1 4 0 5 2 7
14 8 6 1 7 0 3 5 6 2 4
14 9 5 1 7 3 4 5 6 0 2
14 5 9 5 0 3 1 7 6 2 4
14 5 9 5 6 3 1 0 7 2 4
14 5 9 5 6 3 1 7 2 0 4
14 7 7 1 0 3 4 7 6 5 2
14 7 7 1 6 3 4 0 7 5 2
14 7 7 1 0 2 3 7 6 5 4
14 7 7 1 6 2 3 0 7 5 4
14 6 8 7 6 3 4 1 5 2 0
14 6 8 0 6 3 1 5 7 2 4
13 8 5 1 6 3 0 5 7 2 4
13 9 4 1 6 3 4 5 7 2 0
14 6 8 6 5 3 4 1 7 2 0
14 7 7 1 5 2 3 6 7 0 4
14 8 6 1 5 3 4 6 0 7 2
14 6 8 0 3 1 4 6 5 2 7
14 6 8 6 3 1 4 5 0 2 7
14 9 5 1 7 2 3 5 6 0 4
14 9 5 1 0 7 3 5 6 2 4
14 8 6 1 2 0 3 7 6 5 4
14 8 6 1 5 2 3 6 0 7 4
14 9 5 1 0 3 4 6 5 7 2
14 9 5 1 5 3 4 0 6 7 2
14 7 7 6 3 1 4 5 2 0 7
14 9 5 1 2 3 0 7 6 5 4
14 9 5 1 0 2 3 6 5 7 4
14 9 5 1 5 2 3 0 6 7 4
14 8 6 6 3 1 4 5 2 7 0
14 10 4 1 2 3 4 7 6 5 0
14 10 4 1 2 0 3 6 5 7 4
14 11 3 1 2 3 0 6 5 7 4
14 12 2 1 2 3 4 6 5 7 0
15 7 8 1 6 0 4 7 5 2 3
15 7 8 1 6 0 2 7 5 3 4
15 7 8 1 6 3 2 7 0 5 4
15 7 8 1 6 3 2 7 5 4 0
15 7 8 0 6 3 7 1 5 2 4
15 8 7 6 0 3 4 1 5 2 7
15 10 5 5 1 3 4 0 6 2 7
15 10 5 1 3 4 0 5 6 2 7
15 10 5 1 0 6 4 5 2 3 7
15 10 5 1 6 4 0 5 2 3 7
15 11 4 1 6 0 3 5 2 7 4
15 3 12 6 5 0 1 7 2 3 4
15 3 12 6 5 3 1 7 2 4 0
15 3 12 6 3 2 1 7 0 5 4
15 3 12 6 3 2 1 7 5 4 0
15 11 4 1 3 2 4 5 0 6 7
15 8 7 1 5 3 2 6 7 0 4
15 8 7 1 5 3 4 0 7 2 6
15 4 11 6 3 1 4 7 5 0 2
15 5 10 7 3 0 1 5 6 2 4
15 5 10 7 6 0 1 5 2 3 4
15 5 10 7 6 3 1 5 2 4 0
15 9 6 0 1 3 7 5 6 2 4
15 9 6 1 3 0 7 5 6 2 4
15 9 6 1 6 0 7 5 2 3 4
15 9 6 1 6 3 7 5 2 4 0
15 12 3 1 3 2 0 5 6 7 4
15 5 10 5 7 3 1 6 0 2 4
15 5 10 5 3 0 1 6 7 2 4
15 6 9 5 7 3 1 0 6 2 4
15 10 5 1 7 3 2 5 6 0 4
15 8 7 1 6 2 3 0 5 4 7
15 8 7 5 6 3 0 1 7 2 4
15 9 6 1 6 3 4 2 7 5 0
15 9 6 1 6 0 3 5 7 2 4
15 10 5 1 6 3 4 5 7 0 2
15 11 4 1 5 3 4 2 6 7 0
15 12 3 1 0 3 4 5 6 7 2
15 12 3 1 0 2 3 5 6 7 4
15 12 3 1 2 3 4 0 6 5 7
15 8 7 1 6 2 4 7 5 0 3
15 8 7 1 6 2 0 7 5 3 4
15 8 7 1 0 3 2 7 6 5 4
15 8 7 1 6 3 2 0 7 5 4
15 11 4 1 2 6 4 5 0 3 7
15 4 11 6 5 1 0 7 2 3 4
15 4 11 6 3 2 1 0 7 5 4
15 9 6 1 5 3 2 6 0 7 4
15 6 9 7 3 2 1 5 6 0 4
15 6 9 7 3 1 0 5 6 2 4
15 6 9 7 6 1 0 5 2 3 4
15 10 5 1 3 2 7 5 6 0 4
15 10 5 1 3 7 0 5 6 2 4
15 10 5 1 6 7 0 5 2 3 4
15 10 5 1 6 3 0 5 2 4 7
15 6 9 5 7 3 1 6 2 0 4
15 6 9 5 3 2 1 6 7 0 4
15 6 9 5 3 1 0 6 7 2 4
15 9 6 1 6 2 3 5 0 4 7
15 9 6 5 6 3 4 1 7 2 0
15 10 5 1 6 2 3 5 7 0 4
15 11 4 1 6 3 4 5 0 7 2
15 13 2 1 2 0 3 5 6 7 4
15 9 6 1 6 2 4 7 5 3 0
15 5 10 6 5 1 4 7 2 3 0
15 5 10 0 3 2 1 6 7 5 4
14 7 7 1 3 2 0 6 7 5 4
14 8 6 1 3 2 4 6 7 5 0
15 10 5 1 0 3 2 6 5 7 4
15 10 5 1 5 3 2 0 6 7 4
15 7 8 7 3 1 4 5 6 2 0
15 7 8 7 6 1 4 5 2 3 0
15 11 4 1 3 7 4 5 6 2 0
15 11 4 1 6 7 4 5 2 3 0
15 7 8 5 3 2 1 6 0 7 4
15 7 8 5 3 1 4 6 7 2 0
15 10 5 1 0 2 3 5 6 4 7
15 11 4 1 6 2 3 5 0 7 4
15 14 1 1 2 3 0 5 6 7 4
15 8 7 5 3 2 1 0 6 7 4
15 11 4 1 2 0 3 5 6 4 7
