0 0 0 2 0 3 6 7 4 5 1
13 1 12 2 3 0 6 7 4 5 1
13 2 11 2 3 5 6 7 4 0 1
13 2 11 2 3 6 0 7 4 5 1
12 5 7 2 3 6 7 0 4 5 1
11 7 4 2 3 6 7 1 4 5 0
12 6 6 0 3 6 7 2 4 5 1
11 9 2 1 3 6 7 2 4 5 0
13 3 10 2 3 5 6 7 4 1 0
12 5 7 2 3 5 6 0 4 1 7
12 6 6 0 3 5 6 2 4 1 7
13 3 10 2 3 6 1 7 4 5 0
12 5 7 2 3 6 1 0 4 5 7
12 6 6 0 3 6 1 2 4 5 7
11 8 3 1 3 6 0 2 4 5 7
13 8 5 2 3 6 0 1 4 5 7
13 8 5 2 3 6 7 1 4 0 5
13 10 3 1 3 6 7 2 4 0 5
13 4 9 2 3 5 0 7 4 1 6
12 7 5 2 3 5 7 0 4 1 6
12 8 4 0 3 5 7 2 4 1 6
13 9 4 1 3 0 6 2 4 5 7
13 9 4 2 3 0 7 1 4 6 5
13 11 2 1 3 0 7 2 4 6 5
13 10 3 1 3 5 6 2 4 0 7
14 6 8 2 3 6 7 4 0 5 1
14 10 4 2 3 0 7 1 4 5 6
14 7 7 3 0 6 7 2 4 5 1
14 12 2 1 3 0 7 2 4 5 6
14 6 8 2 3 5 6 4 0 1 7
14 7 7 3 0 5 6 2 4 1 7
14 6 8 2 3 6 1 4 0 5 7
14 7 7 3 0 6 1 2 4 5 7
14 11 3 1 3 6 5 2 4 0 7
14 8 6 2 3 5 7 4 0 1 6
14 9 5 3 0 5 7 2 4 1 6
14 11 3 2 3 5 7 1 4 0 6
14 13 1 1 3 5 7 2 4 0 6
14 7 7 2 3 5 6 4 1 0 7
14 12 2 1 3 0 5 2 4 6 7
14 9 5 2 3 5 7 4 1 0 6
14 12 2 2 3 5 7 1 4 6 0
