0 0 0 1 3 2 6 4 5 0 7
8 1 7 1 3 2 6 4 5 7 0
9 1 8 1 3 2 6 4 0 5 7
9 2 7 1 3 2 0 4 5 7 6
9 2 7 1 3 2 6 0 4 5 7
10 1 9 1 3 0 6 4 5 2 7
9 2 7 1 3 6 0 4 5 2 7
8 3 5 1 3 6 7 4 5 2 0
10 3 7 1 3 2 6 0 5 7 4
10 5 5 1 3 2 4 0 5 7 6
10 4 6 1 3 6 7 4 5 0 2
10 4 6 1 3 2 6 5 0 7 4
10 6 4 1 3 2 4 5 0 7 6
10 5 5 1 3 6 7 4 0 5 2
10 6 4 1 3 6 7 0 4 5 2
10 8 2 1 3 6 7 2 4 5 0
11 3 8 1 3 0 2 4 5 7 6
11 4 7 1 3 2 6 7 4 5 0
11 5 6 1 3 2 0 6 4 5 7
10 6 4 1 3 2 7 6 4 5 0
11 5 6 1 3 6 7 0 5 2 4
11 7 4 1 3 2 4 6 5 7 0
11 5 6 1 3 0 7 4 5 6 2
11 4 7 1 0 3 2 4 5 7 6
12 2 10 1 0 2 6 4 3 5 7
12 5 7 1 3 2 7 4 5 0 6
11 6 5 1 3 2 7 4 5 6 0
12 3 9 0 3 2 6 1 4 5 7
12 2 10 1 0 3 6 4 5 2 7
11 3 8 1 5 3 6 4 0 2 7
11 4 7 1 5 3 6 0 4 2 7
12 6 6 1 3 2 0 6 5 7 4
12 5 7 1 3 2 6 5 7 0 4
12 7 5 1 3 2 4 5 7 0 6
12 4 8 1 3 7 2 4 5 0 6
11 5 6 1 3 7 2 4 5 6 0
12 5 7 1 3 2 0 7 4 5 6
12 6 6 1 3 6 7 5 0 2 4
12 6 6 1 3 7 0 4 5 6 2
12 5 7 1 5 3 2 4 0 7 6
12 6 6 1 3 2 7 4 0 5 6
12 4 8 1 5 3 6 4 2 0 7
12 8 4 1 3 2 4 5 7 6 0
12 5 7 1 3 7 2 4 0 5 6
12 7 5 1 3 2 7 0 4 5 6
12 5 7 1 5 3 6 4 2 7 0
12 6 6 1 3 7 2 0 4 5 6
13 4 9 0 3 2 1 4 5 7 6
12 5 7 4 3 2 1 0 5 7 6
12 6 6 4 3 2 1 5 0 7 6
13 4 9 0 3 6 1 4 5 2 7
13 5 8 1 3 6 2 4 5 0 7
13 5 8 1 3 6 4 0 5 2 7
13 6 7 1 3 0 7 4 5 2 6
13 4 9 0 3 2 6 1 5 7 4
13 6 7 0 3 2 4 1 5 7 6
13 5 8 1 0 2 6 5 3 7 4
13 7 6 1 0 2 4 5 3 7 6
13 6 7 1 0 6 7 4 3 5 2
13 7 6 0 3 6 7 1 4 5 2
13 9 4 1 3 6 0 2 4 5 7
13 9 4 1 3 6 7 2 4 0 5
13 6 7 1 3 0 2 6 4 5 7
12 7 5 1 3 5 2 6 4 0 7
13 7 6 1 3 2 7 6 4 0 5
13 6 7 1 0 3 7 4 5 6 2
12 7 5 1 5 3 7 4 0 6 2
12 8 4 1 5 3 7 0 4 6 2
12 10 2 1 5 3 7 2 4 6 0
13 5 8 0 1 3 2 4 5 7 6
12 6 6 4 1 3 2 0 5 7 6
12 7 5 4 1 3 2 5 0 7 6
13 3 10 1 2 0 6 4 3 5 7
12 4 8 1 2 5 6 4 3 0 7
12 4 8 1 2 6 0 4 3 5 7
11 5 6 1 2 6 7 4 3 5 0
13 5 8 6 3 2 0 1 4 5 7
12 6 6 6 3 2 7 1 4 5 0
13 6 7 7 3 2 6 1 4 5 0
13 6 7 1 5 3 6 7 4 2 0
13 7 6 1 5 3 0 6 4 2 7
12 8 4 1 5 3 7 6 4 2 0
13 6 7 1 3 2 6 5 7 4 0
13 7 6 1 3 6 7 5 2 0 4
13 6 7 1 5 3 2 0 4 7 6
13 6 7 1 5 3 0 4 2 7 6
13 8 5 1 3 7 2 6 4 5 0
13 9 4 1 3 7 0 2 4 5 6
13 7 6 4 3 2 1 6 5 7 0
13 6 7 1 3 6 2 4 0 5 7
13 6 7 1 3 6 2 4 5 7 0
13 6 7 1 3 6 4 5 0 2 7
13 6 7 1 2 0 6 5 3 7 4
13 8 5 1 2 0 4 5 3 7 6
13 8 5 1 3 5 2 6 4 7 0
13 8 5 4 1 3 2 6 5 7 0
13 5 8 1 2 5 6 4 3 7 0
13 8 5 1 3 6 7 5 2 4 0
13 7 6 1 3 6 2 0 4 5 7
13 7 6 1 3 6 4 5 2 0 7
12 8 4 1 3 6 4 5 2 7 0
13 7 6 1 2 6 0 5 3 7 4
12 8 4 1 2 6 4 5 3 7 0
14 4 10 1 3 0 6 4 5 7 2
13 5 8 1 3 7 6 4 5 0 2
13 5 8 1 3 6 0 4 5 7 2
13 6 7 1 3 7 6 4 0 5 2
13 6 7 1 3 7 6 4 5 2 0
13 7 6 1 3 7 6 0 4 5 2
13 9 4 1 3 7 6 2 4 5 0
14 5 9 1 3 2 6 7 4 0 5
14 8 6 1 3 2 5 6 4 0 7
14 9 5 1 3 0 7 6 4 5 2
13 10 3 1 3 5 7 6 4 0 2
13 11 2 1 3 5 7 6 4 2 0
14 6 8 0 3 6 7 1 5 2 4
14 8 6 1 3 2 4 6 5 0 7
14 3 11 0 1 2 6 4 3 5 7
14 7 7 1 3 2 0 4 5 6 7
14 8 6 1 3 2 7 0 5 6 4
14 4 10 3 0 2 6 1 4 5 7
14 3 11 0 1 3 6 4 5 2 7
13 4 9 4 1 3 6 0 5 2 7
13 5 8 4 1 3 6 5 0 2 7
13 6 7 4 1 3 6 5 2 0 7
12 7 5 4 1 3 6 5 2 7 0
13 8 5 4 1 3 0 5 2 7 6
14 5 9 0 5 3 6 1 4 2 7
14 7 7 1 3 0 2 6 5 7 4
14 7 7 1 3 7 2 0 5 6 4
14 6 8 1 3 0 2 7 4 5 6
13 7 6 1 3 5 2 7 4 0 6
12 8 4 1 3 5 2 7 4 6 0
13 9 4 1 3 5 0 7 4 6 2
14 6 8 1 5 3 2 4 7 0 6
14 7 7 1 5 3 6 0 2 7 4
14 5 9 3 0 2 1 4 5 7 6
14 7 7 4 3 2 1 5 7 0 6
14 5 9 4 3 6 1 0 5 2 7
14 7 7 5 3 6 1 4 0 2 7
14 7 7 7 3 6 1 4 5 2 0
14 6 8 1 3 0 2 4 5 6 7
14 7 7 1 3 6 4 7 5 2 0
14 7 7 1 3 7 0 4 5 2 6
14 5 9 3 0 2 6 1 5 7 4
14 6 8 6 3 2 0 1 5 7 4
13 7 6 6 3 2 4 1 5 7 0
14 7 7 4 3 2 6 1 5 7 0
14 7 7 3 0 2 4 1 5 7 6
14 10 4 2 3 6 7 1 4 5 0
14 10 4 1 3 0 7 2 4 6 5
14 8 6 1 3 5 2 6 0 4 7
14 8 6 1 3 0 7 6 4 2 5
14 8 6 1 5 3 7 4 6 0 2
14 7 7 2 1 3 0 4 5 7 6
14 8 6 4 1 3 2 5 7 0 6
14 5 9 1 2 5 6 4 0 3 7
14 7 7 1 2 6 4 0 3 5 7
14 6 8 1 2 6 7 4 3 0 5
14 7 7 1 2 6 7 0 3 5 4
14 7 7 7 3 2 0 1 4 5 6
14 7 7 1 5 3 0 7 4 2 6
14 9 5 1 5 3 7 6 4 0 2
14 7 7 1 3 2 0 5 7 4 6
14 8 6 1 3 0 7 5 2 6 4
14 8 6 1 5 3 2 6 4 7 0
14 9 5 1 5 3 4 0 2 7 6
14 9 5 1 3 7 0 6 4 5 2
14 10 4 1 3 0 7 2 4 5 6
13 11 2 1 3 5 7 2 4 0 6
