0 0 0 1 3 2 6 4 5 0 7
9 1 8 1 3 0 6 4 5 2 7
9 1 8 1 3 2 6 4 0 5 7
9 2 7 1 3 6 0 4 5 2 7
9 2 7 1 3 2 6 0 4 5 7
9 3 6 1 3 6 7 4 5 2 0
11 1 10 1 3 2 6 4 5 7 0
10 3 7 1 3 2 6 0 5 7 4
10 4 6 1 3 2 6 5 0 7 4
11 2 9 1 0 3 6 4 5 2 7
11 2 9 1 0 2 6 4 3 5 7
11 3 8 0 3 2 6 1 4 5 7
11 4 7 1 3 6 7 4 5 0 2
11 2 9 1 3 2 0 4 5 7 6
10 5 5 1 3 2 4 0 5 7 6
10 6 4 1 3 2 4 5 0 7 6
11 6 5 1 3 2 0 6 5 7 4
11 3 8 1 5 3 6 4 0 2 7
11 3 8 1 2 0 6 4 3 5 7
11 5 6 1 3 0 7 4 5 6 2
11 5 6 1 3 6 7 4 0 5 2
11 7 4 1 3 2 4 6 5 7 0
11 4 7 1 5 3 6 0 4 2 7
11 4 7 1 5 3 6 4 2 0 7
11 4 7 1 2 5 6 4 3 0 7
11 4 7 1 2 6 0 4 3 5 7
11 6 5 1 3 6 7 0 4 5 2
10 8 2 1 3 6 7 2 4 5 0
11 5 6 1 2 6 7 4 3 5 0
12 5 7 1 3 6 4 0 5 2 7
12 5 7 1 3 2 0 6 4 5 7
12 5 7 1 3 6 7 0 5 2 4
12 6 6 1 3 0 7 4 5 2 6
12 4 8 0 3 2 6 1 5 7 4
12 5 7 1 0 2 6 5 3 7 4
12 5 7 1 3 2 6 5 7 0 4
12 5 7 1 3 2 7 4 5 0 6
12 6 6 0 3 2 4 1 5 7 6
12 7 5 1 0 2 4 5 3 7 6
12 7 5 1 3 2 4 5 7 0 6
12 9 3 1 3 6 0 2 4 5 7
12 9 3 1 3 6 7 2 4 0 5
12 6 6 1 3 6 4 5 0 2 7
12 6 6 1 3 2 7 6 4 5 0
12 6 6 1 2 0 6 5 3 7 4
12 6 6 1 3 2 7 4 0 5 6
12 6 6 1 3 2 7 4 5 6 0
12 8 4 1 2 0 4 5 3 7 6
12 8 4 1 3 2 4 5 7 6 0
12 10 2 1 3 0 7 2 4 6 5
12 7 5 1 3 6 4 5 2 0 7
12 7 5 1 2 6 0 5 3 7 4
12 7 5 1 3 2 7 0 4 5 6
12 8 4 1 3 0 4 5 2 6 7
12 8 4 1 3 6 4 5 2 7 0
12 8 4 1 2 6 4 5 3 7 0
12 9 3 1 0 3 4 5 2 6 7
12 10 2 1 2 3 4 5 0 6 7
12 11 1 1 2 3 4 5 6 0 7
