0 0 0 4 6 3 0 7 2 5 1
12 2 10 0 6 3 4 7 2 5 1
11 5 6 1 6 3 4 7 2 5 0
12 7 5 1 6 3 4 0 2 5 7
13 1 12 4 6 3 1 7 2 5 0
13 6 7 1 6 3 0 7 2 5 4
13 6 7 1 6 3 4 7 2 0 5
14 3 11 4 6 3 7 0 2 5 1
13 5 8 4 6 3 7 1 2 5 0
14 3 11 7 6 3 4 0 2 5 1
13 5 8 7 6 3 4 1 2 5 0
14 3 11 6 0 3 4 7 2 5 1
14 8 6 0 6 3 4 1 2 5 7
14 8 6 1 6 3 4 2 0 5 7
14 3 11 4 6 3 1 0 2 5 7
14 4 10 0 6 3 1 7 2 5 4
14 4 10 0 6 3 7 4 2 5 1
13 7 6 1 6 3 7 4 2 5 0
14 4 10 4 6 3 7 2 0 5 1
14 4 10 6 2 3 4 7 0 5 1
14 9 5 1 0 3 4 2 6 5 7
14 9 5 1 6 3 4 2 5 0 7
14 4 10 0 6 3 1 4 2 5 7
13 6 7 1 6 3 0 4 2 5 7
14 4 10 4 6 3 1 2 0 5 7
14 5 9 4 0 3 7 2 6 5 1
14 5 9 6 2 3 4 0 7 5 1
13 7 6 6 2 3 4 1 7 5 0
14 5 9 6 2 3 4 7 5 0 1
14 10 4 1 6 3 4 2 5 7 0
14 5 9 4 0 3 1 2 6 5 7
14 6 8 0 4 3 7 2 6 5 1
13 9 4 1 4 3 7 2 6 5 0
14 6 8 4 3 0 7 2 6 5 1
14 6 8 0 2 3 4 6 7 5 1
13 9 4 1 2 3 4 6 7 5 0
14 6 8 6 2 3 4 7 5 1 0
14 6 8 0 4 3 1 2 6 5 7
13 8 5 1 4 3 0 2 6 5 7
14 6 8 4 3 0 1 2 6 5 7
14 7 7 4 3 5 7 2 6 0 1
14 7 7 4 3 5 1 2 6 0 7
14 7 7 4 3 1 0 2 6 5 7
14 8 6 4 3 5 7 2 0 6 1
14 8 6 4 3 5 7 2 6 1 0
14 8 6 4 3 5 1 2 0 6 7
14 8 6 4 3 1 7 2 6 5 0
15 1 14 4 6 0 3 7 2 5 1
15 5 10 2 6 3 4 7 0 5 1
15 10 5 1 0 3 4 6 2 5 7
15 2 13 4 6 3 1 7 2 0 5
15 7 8 1 6 0 3 7 2 5 4
15 7 8 1 6 0 4 7 2 3 5
15 7 8 1 6 3 4 7 0 2 5
15 6 9 4 6 3 0 1 2 5 7
15 6 9 4 6 3 7 1 2 0 5
15 6 9 7 6 3 0 1 2 5 4
15 6 9 7 6 3 4 1 2 0 5
15 8 7 1 6 3 7 4 2 0 5
15 7 8 1 6 0 3 4 2 5 7
15 8 7 6 2 3 0 1 7 5 4
15 8 7 6 2 3 4 1 7 0 5
15 10 5 1 4 3 7 2 6 0 5
15 10 5 1 2 3 0 6 7 5 4
15 10 5 1 2 3 4 6 7 0 5
15 8 7 6 2 3 4 0 5 1 7
15 9 6 1 4 0 3 2 6 5 7
15 6 9 2 0 3 4 7 6 5 1
15 6 9 2 6 3 4 0 7 5 1
14 8 6 2 6 3 4 1 7 5 0
15 6 9 2 6 3 4 7 5 0 1
15 11 4 1 2 3 4 6 0 5 7
15 8 7 1 0 3 4 7 6 2 5
15 8 7 1 6 3 4 0 7 2 5
14 10 4 1 6 3 4 5 7 2 0
15 8 7 1 6 5 3 4 2 0 7
15 8 7 1 0 6 3 4 2 5 7
15 9 6 6 2 3 4 1 0 7 5
15 11 4 1 4 3 7 2 0 6 5
15 11 4 1 2 3 4 6 0 7 5
15 9 6 0 2 3 4 6 5 1 7
15 9 6 6 2 3 4 5 0 1 7
15 10 5 1 4 5 3 2 6 0 7
15 7 8 0 2 3 4 7 6 5 1
14 10 4 1 2 3 4 7 6 5 0
15 7 8 2 6 3 4 7 5 1 0
15 12 3 1 2 3 4 0 6 5 7
15 12 3 1 2 3 4 6 5 0 7
15 12 3 1 0 3 7 2 4 6 5
15 12 3 1 2 3 4 0 6 7 5
