0 0 0 7 2 0 4 1 5 6 3
10 1 9 7 2 6 4 1 5 0 3
9 2 7 7 2 6 4 1 5 3 0
10 1 9 7 2 4 0 1 5 6 3
9 2 7 7 2 4 3 1 5 6 0
11 1 10 7 0 2 4 1 5 6 3
11 2 9 7 2 6 4 1 0 5 3
11 3 8 7 2 4 3 1 5 0 6
12 3 9 7 2 6 0 1 5 3 4
12 2 10 7 5 2 4 1 0 6 3
12 2 10 0 7 2 4 1 5 6 3
11 3 8 1 7 2 4 0 5 6 3
11 4 7 1 7 2 4 5 0 6 3
11 5 6 1 7 2 4 5 6 0 3
10 6 4 1 7 2 4 5 6 3 0
12 4 8 7 2 4 3 1 0 5 6
12 3 9 7 5 2 4 1 6 0 3
11 4 7 7 5 2 4 1 6 3 0
12 5 7 3 7 2 4 1 5 6 0
12 5 7 1 7 2 4 3 5 6 0
12 5 7 1 0 2 4 5 7 6 3
12 6 6 1 2 0 4 5 7 6 3
13 4 9 7 2 6 4 0 5 3 1
13 5 8 0 2 6 4 1 5 3 7
12 6 6 1 2 6 4 0 5 3 7
12 7 5 1 2 6 4 5 0 3 7
13 5 8 7 2 0 4 1 5 3 6
12 6 6 7 2 3 4 1 5 0 6
12 7 5 7 2 3 4 1 5 6 0
13 3 10 0 2 4 7 1 5 6 3
12 4 8 1 2 4 7 0 5 6 3
12 5 7 1 2 4 7 5 0 6 3
12 6 6 1 2 4 7 5 6 0 3
11 7 4 1 2 4 7 5 6 3 0
12 8 4 1 2 4 0 5 6 3 7
13 4 9 7 2 4 1 0 5 6 3
13 4 9 7 2 4 3 0 5 6 1
13 5 8 0 2 4 3 1 5 6 7
12 6 6 1 2 4 3 0 5 6 7
12 7 5 1 2 4 3 5 0 6 7
12 8 4 1 2 4 3 5 6 0 7
11 9 2 1 2 4 3 5 6 7 0
13 3 10 7 2 6 4 0 1 5 3
13 7 6 1 7 2 0 5 6 3 4
13 7 6 1 2 6 4 5 7 0 3
12 8 4 1 2 6 4 5 7 3 0
13 7 6 1 2 4 0 5 7 6 3
12 8 4 1 2 4 3 5 7 6 0
13 5 8 7 2 6 4 5 0 3 1
13 8 5 1 2 6 4 7 5 3 0
13 7 6 7 2 3 4 1 0 5 6
13 6 7 3 2 4 7 1 5 6 0
13 6 7 1 2 4 7 3 5 6 0
13 9 4 1 2 0 4 5 6 3 7
12 10 2 1 2 3 4 5 6 0 7
