0 0 0 7 2 0 4 1 5 6 3
0 0 9 7 2 6 4 1 5 0 3
0 0 7 7 2 6 4 1 5 3 0
0 0 8 0 2 6 4 1 5 3 7
0 0 6 1 2 6 4 0 5 3 7
0 0 5 1 2 6 4 5 0 3 7
0 0 5 1 2 6 4 7 5 3 0
0 0 6 1 2 6 4 5 3 0 7
0 0 4 1 2 6 4 5 3 7 0
0 0 5 1 2 0 4 5 3 7 6
0 0 5 1 2 7 4 5 3 0 6
0 0 4 1 2 7 4 5 0 3 6
0 0 4 1 2 7 4 5 3 6 0
0 0 5 1 2 4 0 5 3 7 6
0 0 5 1 2 7 4 0 5 3 6
0 0 4 1 2 7 4 6 5 3 0
0 0 5 1 2 4 6 5 3 7 0
0 0 6 1 2 0 4 7 5 3 6
0 0 4 1 2 3 4 7 5 0 6
0 0 3 1 2 3 4 7 5 6 0
0 0 4 1 2 3 4 7 0 5 6
0 0 4 1 2 3 4 0 5 6 7
0 0 3 1 2 3 4 5 0 6 7
0 0 2 1 2 3 4 5 6 0 7
