0 0 0 2 4 0 7 5 6 1 3
10 1 9 2 4 1 7 5 6 0 3
10 1 9 2 0 4 7 5 6 1 3
10 1 9 2 4 7 0 5 6 1 3
10 2 8 2 4 1 7 5 6 3 0
10 2 8 0 2 4 7 5 6 1 3
10 2 8 2 4 7 3 5 6 1 0
10 3 7 2 4 1 0 5 6 3 7
12 2 10 2 4 1 7 5 0 6 3
12 2 10 2 6 4 7 5 0 1 3
12 3 9 5 2 4 7 0 6 1 3
12 3 9 2 4 7 3 5 6 0 1
12 4 8 2 4 0 1 5 6 3 7
12 3 9 2 0 1 7 5 4 6 3
12 3 9 2 4 1 7 0 5 6 3
12 3 9 2 6 4 7 5 1 0 3
12 4 8 2 4 0 3 5 6 7 1
12 5 7 2 4 3 1 5 6 0 7
12 5 7 2 0 4 1 5 6 3 7
12 4 8 2 1 0 7 5 4 6 3
12 4 8 0 4 1 7 2 5 6 3
12 4 8 2 6 4 7 5 1 3 0
12 5 7 2 0 4 3 5 6 7 1
12 5 7 2 4 3 0 5 6 7 1
12 6 6 2 4 3 1 5 6 7 0
12 6 6 0 2 4 1 5 6 3 7
11 8 3 1 2 4 0 5 6 3 7
11 9 2 1 2 0 4 5 6 3 7
11 10 1 1 2 3 4 5 6 0 7
