0 0 0 2 4 0 7 5 6 1 3
9 1 8 2 4 1 7 5 6 0 3
8 2 6 2 4 1 7 5 6 3 0
9 1 8 2 4 7 0 5 6 1 3
8 2 6 2 4 7 3 5 6 1 0
9 3 6 2 4 1 0 5 6 3 7
10 2 8 2 4 1 7 5 0 6 3
10 3 7 2 4 7 3 5 6 0 1
11 1 10 2 0 4 7 5 6 1 3
11 4 7 2 4 7 1 5 6 0 3
10 5 5 2 4 7 1 5 6 3 0
11 4 7 2 4 0 1 5 6 3 7
10 5 5 2 4 3 1 5 6 0 7
9 6 3 2 4 3 1 5 6 7 0
11 3 8 2 0 1 7 5 4 6 3
11 3 8 2 4 1 7 0 5 6 3
11 4 7 2 4 0 3 5 6 7 1
10 5 5 2 4 3 0 5 6 7 1
11 2 9 0 2 4 7 5 6 1 3
11 5 6 3 2 4 7 5 6 1 0
12 4 8 2 4 1 7 0 6 3 5
12 3 9 0 4 7 2 5 6 1 3
12 4 8 2 4 7 3 0 6 1 5
12 5 7 0 4 1 2 5 6 3 7
12 6 6 2 4 1 3 5 6 0 7
11 7 4 2 4 1 3 5 6 7 0
12 4 8 2 4 7 3 5 0 6 1
12 2 10 2 6 4 7 5 0 1 3
12 5 7 2 4 0 1 5 6 7 3
12 5 7 2 0 4 1 5 6 3 7
12 6 6 2 4 3 1 5 0 6 7
12 4 8 2 1 0 7 5 4 6 3
12 4 8 0 4 1 7 2 5 6 3
12 5 7 2 4 1 7 3 5 6 0
12 5 7 2 0 4 3 5 6 7 1
12 3 9 5 2 4 7 0 6 1 3
12 4 8 7 2 4 0 5 6 1 3
11 5 6 7 2 4 3 5 6 1 0
12 6 6 3 2 4 0 5 6 1 7
12 6 6 3 4 7 2 5 6 1 0
12 6 6 2 4 1 0 5 6 7 3
12 6 6 0 2 4 1 5 6 3 7
12 7 5 3 4 1 7 2 5 6 0
12 6 6 0 2 4 3 5 6 7 1
11 9 2 1 2 4 3 5 6 7 0
12 8 4 1 2 4 0 5 6 3 7
13 5 8 2 4 0 3 5 6 1 7
12 6 6 2 4 3 0 5 6 1 7
13 5 8 2 4 7 1 5 0 6 3
13 6 7 2 4 7 0 5 6 3 1
13 8 5 2 4 3 1 0 6 7 5
13 4 9 0 2 1 7 5 4 6 3
12 5 7 5 2 1 7 0 4 6 3
13 7 6 0 4 3 2 5 6 7 1
12 10 2 1 4 3 2 5 6 7 0
13 6 7 3 2 4 7 5 6 0 1
13 4 9 5 4 7 2 0 6 1 3
13 4 9 4 0 7 2 5 6 1 3
13 6 7 5 4 1 2 0 6 3 7
13 6 7 4 0 1 2 5 6 3 7
13 3 10 2 6 4 7 5 1 0 3
12 4 8 2 6 4 7 5 1 3 0
13 6 7 2 0 4 1 5 6 7 3
13 6 7 2 6 4 1 5 0 3 7
13 5 8 2 1 6 7 5 4 0 3
13 5 8 2 1 7 0 5 4 6 3
12 6 6 2 1 7 3 5 4 6 0
13 7 6 5 4 1 7 2 0 6 3
13 6 7 2 6 4 3 5 0 7 1
13 5 8 5 2 4 7 3 6 1 0
13 5 8 7 2 0 4 5 6 1 3
12 6 6 7 2 1 4 5 6 0 3
11 7 4 7 2 1 4 5 6 3 0
13 6 7 7 2 4 3 5 6 0 1
13 7 6 3 2 0 4 5 6 1 7
12 8 4 3 2 1 4 5 6 0 7
11 9 2 3 2 1 4 5 6 7 0
13 7 6 5 2 4 1 0 6 3 7
13 7 6 5 2 4 3 0 6 7 1
13 8 5 3 2 4 0 5 6 7 1
12 9 3 3 2 4 1 5 6 7 0
13 9 4 1 2 4 7 5 6 3 0
13 9 4 1 2 0 4 5 6 3 7
12 10 2 1 2 3 4 5 6 0 7
