0 0 0 3 1 0 4 7 5 2 6
10 1 9 3 1 2 4 7 5 0 6
10 2 8 3 1 2 4 7 5 6 0
11 4 7 3 1 2 4 0 5 6 7
11 5 6 3 1 2 4 5 0 6 7
11 6 5 3 1 2 4 5 6 0 7
11 7 4 3 1 2 4 5 6 7 0
12 1 11 3 0 1 4 7 5 2 6
12 1 11 3 1 4 0 7 5 2 6
12 2 10 3 1 2 4 7 0 5 6
12 3 9 3 1 2 0 7 5 6 4
12 2 10 0 3 1 4 7 5 2 6
12 3 9 3 1 2 4 0 7 5 6
13 5 8 0 1 2 4 7 5 6 3
13 5 8 0 1 2 4 3 5 6 7
13 6 7 3 0 2 4 5 1 6 7
13 7 6 3 1 0 4 5 6 2 7
13 8 5 3 1 2 0 5 6 7 4
13 3 10 0 1 4 3 7 5 2 6
13 4 9 3 1 4 7 0 5 2 6
13 5 8 0 1 2 3 7 5 6 4
13 5 8 3 1 2 4 6 7 5 0
13 6 7 1 0 2 4 7 5 6 3
13 6 7 1 0 2 4 3 5 6 7
13 7 6 0 3 2 4 5 1 6 7
13 7 6 3 2 0 4 5 1 6 7
13 4 9 1 0 4 3 7 5 2 6
13 6 7 1 0 2 3 7 5 6 4
13 7 6 1 2 0 4 7 5 6 3
13 7 6 1 2 0 4 3 5 6 7
13 7 6 1 2 0 3 7 5 6 4
13 8 5 1 2 3 0 7 5 6 4
13 9 4 1 2 3 4 7 5 6 0
14 7 7 3 0 2 4 1 5 6 7
14 10 4 0 1 2 4 5 6 7 3
14 2 12 3 5 1 4 7 0 2 6
14 2 12 3 1 4 6 7 5 2 0
14 3 11 3 0 2 4 7 1 5 6
14 4 10 3 1 0 2 7 5 6 4
14 3 11 7 3 1 4 0 5 2 6
14 4 10 0 1 2 4 3 7 5 6
14 10 4 0 1 2 3 5 6 7 4
14 10 4 1 3 2 4 5 0 6 7
14 11 3 1 2 3 4 0 5 6 7
14 8 6 0 3 2 4 1 5 6 7
14 8 6 3 2 0 4 1 5 6 7
14 11 3 1 0 2 4 5 6 7 3
14 3 11 3 5 1 4 0 7 2 6
14 3 11 3 5 1 4 7 2 0 6
14 4 10 0 3 2 4 7 1 5 6
14 4 10 3 2 0 4 7 1 5 6
14 4 10 7 3 1 4 5 0 2 6
14 5 9 1 0 2 4 3 7 5 6
14 11 3 1 0 2 3 5 6 7 4
14 11 3 1 3 2 4 5 6 0 7
14 12 2 1 2 3 4 5 0 6 7
14 9 5 1 3 2 4 0 5 6 7
14 12 2 1 2 0 4 5 6 7 3
14 4 10 3 5 1 4 7 2 6 0
14 5 9 7 3 1 4 5 2 0 6
14 6 8 1 2 0 4 3 7 5 6
14 12 2 1 2 0 3 5 6 7 4
14 12 2 1 3 2 4 5 6 7 0
14 13 1 1 2 3 4 5 6 0 7
14 6 8 7 3 1 4 5 2 6 0
14 13 1 1 2 3 0 5 6 7 4
