0 0 0 7 2 6 5 3 1 4 0
12 1 11 7 2 6 5 3 1 0 4
13 1 12 7 2 6 0 3 1 4 5
13 2 11 7 2 6 5 0 1 4 3
13 2 11 7 2 0 5 3 1 6 4
12 3 9 7 2 5 0 3 1 6 4
13 2 11 7 2 6 5 3 0 1 4
13 3 10 7 2 6 5 1 0 4 3
13 4 9 7 2 5 4 3 1 6 0
13 3 10 7 2 6 5 0 3 1 4
13 4 9 7 2 6 5 1 4 0 3
13 5 8 7 2 6 5 1 4 3 0
14 4 10 7 2 6 4 3 1 0 5
14 3 11 7 0 2 5 3 1 6 4
13 4 9 7 1 2 5 3 0 6 4
13 5 8 7 1 2 5 0 3 6 4
14 5 9 0 2 5 7 3 1 6 4
13 6 7 3 2 5 7 0 1 6 4
13 7 6 3 2 5 7 1 0 6 4
14 6 8 7 2 5 3 0 1 6 4
14 3 11 7 0 6 5 3 2 1 4
14 4 10 7 0 6 5 1 2 4 3
14 5 9 7 2 6 5 4 3 1 0
14 5 9 7 2 0 5 1 4 6 3
13 6 7 7 2 5 0 1 4 6 3
12 7 5 7 2 5 3 1 4 6 0
14 5 9 7 2 6 4 3 1 5 0
14 7 7 7 1 2 5 4 3 6 0
14 6 8 2 0 5 7 3 1 6 4
13 7 6 2 1 5 7 3 0 6 4
13 8 5 2 1 5 7 0 3 6 4
14 8 6 1 2 5 7 3 0 6 4
14 8 6 3 2 5 7 4 1 6 0
14 8 6 3 0 5 7 1 2 6 4
14 7 7 7 2 5 3 1 0 6 4
14 9 5 0 1 5 7 2 3 6 4
14 10 4 2 1 5 7 4 3 6 0
14 9 5 1 2 5 7 0 3 6 4
14 9 5 0 3 5 7 1 2 6 4
13 10 3 1 3 5 7 0 2 6 4
13 11 2 1 3 5 7 2 0 6 4
14 10 4 1 0 5 7 2 3 6 4
14 12 2 1 3 5 7 4 2 6 0
15 3 12 0 2 6 5 3 1 4 7
14 4 10 3 2 6 5 0 1 4 7
14 5 9 3 2 6 5 1 0 4 7
14 6 8 3 2 6 5 1 4 0 7
15 3 12 7 2 0 5 3 1 4 6
14 4 10 7 2 5 0 3 1 4 6
15 2 13 7 2 0 6 3 1 4 5
14 3 11 7 2 4 6 3 1 0 5
14 4 10 7 2 4 6 3 1 5 0
15 3 12 0 2 6 7 3 1 4 5
14 4 10 3 2 6 7 0 1 4 5
14 5 9 3 2 6 7 1 0 4 5
14 6 8 3 2 6 7 1 4 0 5
13 7 6 3 2 6 7 1 4 5 0
15 4 11 7 2 6 3 0 1 4 5
15 5 10 7 0 6 5 2 1 4 3
14 6 8 7 1 6 5 2 0 4 3
14 7 7 7 1 6 5 2 4 0 3
14 8 6 7 1 6 5 2 4 3 0
15 5 10 7 2 5 4 3 1 0 6
15 6 9 7 0 6 5 2 3 1 4
14 7 7 7 3 6 5 2 0 1 4
15 5 10 7 2 0 4 3 1 6 5
15 5 10 7 2 6 4 3 0 1 5
15 4 11 0 7 2 5 3 1 6 4
14 5 9 3 7 2 5 0 1 6 4
14 6 8 3 7 2 5 1 0 6 4
15 5 10 7 1 2 5 3 6 0 4
15 9 6 3 0 5 7 2 1 6 4
14 10 4 3 1 5 7 2 0 6 4
15 8 7 3 2 5 7 1 6 0 4
15 8 7 7 2 5 3 4 1 6 0
15 4 11 0 7 6 5 3 2 1 4
14 5 9 3 7 6 5 0 2 1 4
14 6 8 3 7 6 5 2 0 1 4
15 5 10 0 7 6 5 1 2 4 3
14 6 8 1 7 6 5 0 2 4 3
14 7 7 1 7 6 5 2 0 4 3
14 8 6 1 7 6 5 2 4 0 3
14 9 5 1 7 6 5 2 4 3 0
15 6 9 7 0 2 5 1 4 6 3
15 8 7 0 2 5 7 1 4 6 3
14 9 5 1 2 5 7 0 4 6 3
15 8 7 7 2 5 3 1 4 0 6
15 8 7 2 1 5 7 3 6 0 4
15 9 6 1 0 5 7 3 2 6 4
15 8 7 7 0 5 3 1 2 6 4
15 11 4 1 2 5 7 4 3 6 0
15 12 3 1 3 5 7 2 6 0 4
15 4 11 2 0 6 5 3 1 4 7
14 5 9 2 1 6 5 3 0 4 7
14 6 8 2 1 6 5 0 3 4 7
14 6 8 2 1 6 5 3 4 0 7
15 6 9 1 2 6 5 3 0 4 7
15 6 9 3 0 6 5 1 2 4 7
15 7 8 3 2 0 5 1 4 6 7
14 8 6 3 2 5 0 1 4 6 7
13 9 4 3 2 5 7 1 4 6 0
15 7 8 3 2 6 5 1 4 7 0
15 4 11 7 2 4 5 3 1 0 6
15 5 10 7 2 5 6 3 1 4 0
15 4 11 7 2 4 6 3 0 1 5
15 5 10 7 2 4 0 3 1 5 6
15 4 11 2 0 6 7 3 1 4 5
14 5 9 2 1 6 7 3 0 4 5
14 6 8 2 1 6 7 0 3 4 5
14 6 8 2 1 6 7 3 4 0 5
13 7 6 2 1 6 7 3 4 5 0
15 6 9 1 2 6 7 3 0 4 5
15 6 9 5 2 6 7 3 1 4 0
15 6 9 3 2 6 7 5 1 4 0
15 6 9 3 0 6 7 1 2 4 5
15 7 8 3 2 0 7 1 4 6 5
15 5 10 7 2 6 3 1 0 4 5
15 6 9 7 2 6 3 5 1 4 0
15 8 7 7 1 0 5 2 4 6 3
14 9 5 7 1 5 0 2 4 6 3
13 10 3 7 1 5 3 2 4 6 0
15 8 7 7 3 6 5 2 1 0 4
15 7 8 1 7 2 5 3 0 6 4
15 7 8 3 7 2 5 4 1 6 0
15 6 9 7 1 2 5 3 6 4 0
15 10 5 0 3 5 7 2 1 6 4
15 9 6 3 2 5 7 1 6 4 0
15 7 8 3 7 6 5 4 2 1 0
15 7 8 3 7 6 5 2 1 0 4
15 8 7 3 7 6 5 1 2 4 0
15 8 7 1 7 6 5 3 2 4 0
15 9 6 1 7 0 5 2 4 6 3
14 10 4 1 7 5 0 2 4 6 3
13 11 2 1 7 5 3 2 4 6 0
15 9 6 2 0 5 7 1 4 6 3
15 11 4 1 2 5 7 3 4 6 0
15 9 6 2 1 5 7 3 6 4 0
15 13 2 1 3 5 7 2 6 4 0
15 7 8 0 1 6 5 2 3 4 7
15 7 8 2 1 0 5 3 4 6 7
14 8 6 2 1 5 0 3 4 6 7
13 9 4 2 1 5 7 3 4 6 0
15 7 8 2 1 6 5 3 4 7 0
15 7 8 1 2 6 5 0 3 4 7
15 7 8 1 2 6 5 3 4 0 7
15 7 8 0 3 6 5 1 2 4 7
14 8 6 1 3 6 5 0 2 4 7
14 9 5 1 3 6 5 2 0 4 7
14 10 4 1 3 6 5 2 4 0 7
15 5 10 7 2 4 5 3 1 6 0
15 7 8 0 1 6 7 2 3 4 5
15 8 7 2 1 6 7 5 3 4 0
15 7 8 2 1 0 7 3 4 6 5
15 7 8 1 2 6 7 0 3 4 5
15 7 8 1 2 6 7 3 4 0 5
14 8 6 1 2 6 7 3 4 5 0
15 7 8 0 3 6 7 1 2 4 5
14 8 6 1 3 6 7 0 2 4 5
14 9 5 1 3 6 7 2 0 4 5
14 10 4 1 3 6 7 2 4 0 5
13 11 2 1 3 6 7 2 4 5 0
15 6 9 7 2 6 3 1 4 0 5
14 7 7 7 2 6 3 1 4 5 0
15 9 6 7 3 6 5 2 1 4 0
15 8 7 1 7 2 5 0 3 6 4
15 8 7 3 7 6 5 2 1 4 0
15 8 7 1 0 6 5 2 3 4 7
15 11 4 1 3 0 5 2 4 6 7
14 12 2 1 3 5 0 2 4 6 7
