0 0 0 4 7 6 1 5 2 3 0
13 3 10 0 7 6 1 5 2 3 4
12 5 7 1 7 6 0 5 2 3 4
12 6 6 1 7 6 4 5 2 3 0
14 1 13 4 7 6 0 5 2 3 1
13 3 10 0 7 6 4 5 2 3 1
14 1 13 4 7 6 1 5 2 0 3
14 6 8 1 7 0 6 5 2 3 4
14 7 7 1 7 6 4 5 2 0 3
14 2 12 4 7 0 1 5 2 6 3
14 7 7 1 7 3 6 5 2 0 4
14 7 7 1 0 7 6 5 2 3 4
14 8 6 1 7 0 4 5 2 6 3
14 3 11 4 0 7 1 5 2 6 3
14 3 11 4 7 1 0 5 2 6 3
13 5 8 0 7 1 4 5 2 6 3
14 8 6 1 2 7 6 5 0 3 4
14 9 5 1 0 7 4 5 2 6 3
14 4 10 4 2 7 1 5 0 6 3
14 4 10 0 4 7 1 5 2 6 3
13 6 7 1 4 7 0 5 2 6 3
13 7 6 1 4 7 3 5 2 6 0
14 4 10 4 7 1 3 5 2 6 0
14 10 4 1 2 7 4 5 0 6 3
14 5 9 4 2 7 1 5 6 0 3
14 11 3 1 2 7 4 5 6 0 3
14 6 8 4 2 0 1 5 6 7 3
14 6 8 4 2 7 1 5 6 3 0
14 12 2 1 2 0 4 5 6 7 3
14 12 2 1 2 7 4 5 6 3 0
14 7 7 4 2 1 0 5 6 7 3
13 9 4 0 2 1 4 5 6 7 3
14 8 6 4 2 1 3 5 6 7 0
15 2 13 4 7 6 1 0 2 3 5
15 3 12 4 7 0 1 5 2 3 6
15 4 11 5 7 6 1 0 2 3 4
15 4 11 7 0 6 1 5 2 3 4
15 8 7 1 7 6 3 5 2 0 4
15 9 6 1 7 0 4 5 2 3 6
15 4 11 5 7 6 4 0 2 3 1
14 6 8 5 7 6 4 1 2 3 0
15 4 11 7 0 6 4 5 2 3 1
15 6 9 5 7 1 4 0 2 6 3
15 6 9 7 0 1 4 5 2 6 3
15 7 8 1 4 0 7 5 2 6 3
15 8 7 1 4 7 3 5 2 0 6
15 7 8 0 7 1 3 5 2 6 4
15 9 6 0 2 7 1 5 6 3 4
14 11 3 1 2 7 0 5 6 3 4
15 10 5 5 2 1 4 0 6 7 3
15 10 5 2 0 1 4 5 6 7 3
15 11 4 0 2 1 3 5 6 7 4
15 3 12 0 7 6 1 4 2 3 5
14 5 9 1 7 6 0 4 2 3 5
14 6 8 1 7 6 5 4 2 3 0
15 3 12 4 7 6 1 2 0 3 5
15 4 11 4 7 3 1 5 2 0 6
15 4 11 4 0 7 1 5 2 3 6
15 4 11 4 7 1 0 5 2 3 6
14 6 8 0 7 1 4 5 2 3 6
15 5 10 7 2 6 1 5 0 3 4
15 5 10 7 6 0 1 5 2 3 4
15 9 6 1 7 0 3 5 2 6 4
15 10 5 1 7 3 4 5 2 0 6
15 10 5 1 0 7 4 5 2 3 6
15 5 10 7 2 6 4 5 0 3 1
15 5 10 7 6 0 4 5 2 3 1
15 7 8 7 2 1 4 5 0 6 3
15 7 8 7 1 0 4 5 2 6 3
15 8 7 1 0 4 7 5 2 6 3
15 9 6 1 4 0 3 5 2 7 6
15 11 4 2 1 0 4 5 6 7 3
15 4 11 4 7 6 1 2 3 0 5
15 5 10 4 7 3 1 5 2 6 0
15 5 10 4 2 7 1 5 0 3 6
15 5 10 0 4 7 1 5 2 3 6
14 7 7 1 4 7 0 5 2 3 6
15 6 9 7 6 3 1 5 2 0 4
15 6 9 7 6 1 0 5 2 3 4
15 10 5 1 0 7 3 5 2 6 4
15 10 5 1 7 3 0 5 2 6 4
15 11 4 1 7 3 4 5 2 6 0
15 11 4 1 2 7 4 5 0 3 6
15 6 9 7 6 3 4 5 2 0 1
15 8 7 7 2 1 4 5 6 0 3
15 9 6 1 2 4 7 5 0 6 3
15 10 5 1 0 4 3 5 2 7 6
15 10 5 1 4 3 0 5 2 7 6
15 5 10 4 7 0 1 2 3 6 5
15 5 10 4 7 6 1 2 3 5 0
15 7 8 7 6 1 4 5 2 3 0
15 11 4 1 2 7 3 5 0 6 4
15 7 8 7 6 3 4 5 2 1 0
15 9 6 7 2 1 4 5 6 3 0
15 10 5 1 2 4 7 5 6 0 3
15 11 4 1 2 4 3 5 0 7 6
15 6 9 4 0 7 1 2 3 6 5
15 6 9 4 7 1 0 2 3 6 5
15 12 3 1 2 7 3 5 6 0 4
15 11 4 1 2 4 7 5 6 3 0
15 7 8 4 3 7 1 2 0 6 5
15 7 8 0 4 7 1 2 3 6 5
14 9 5 1 4 7 0 2 3 6 5
14 10 4 1 4 7 5 2 3 6 0
14 10 4 1 4 0 7 2 3 6 5
15 7 8 4 7 1 5 2 3 6 0
15 13 2 1 2 0 3 5 6 7 4
15 12 3 1 2 4 0 5 6 3 7
15 14 1 1 2 3 0 5 6 7 4
15 13 2 1 2 0 4 5 6 3 7
