0 0 0 2 5 3 6 0 7 1 4
11 1 10 2 5 3 6 7 0 1 4
12 1 11 0 5 3 6 2 7 1 4
12 2 10 2 5 3 6 4 7 1 0
12 3 9 2 0 3 6 5 7 1 4
12 3 9 2 5 3 0 6 7 1 4
11 4 7 2 5 3 4 6 7 1 0
12 2 10 2 0 3 6 7 5 1 4
12 2 10 2 5 3 6 7 1 0 4
12 4 8 0 2 3 6 5 7 1 4
12 3 9 0 2 3 6 7 5 1 4
13 2 11 5 0 3 6 2 7 1 4
12 3 9 5 7 3 6 2 0 1 4
13 3 10 6 5 3 0 2 7 1 4
13 4 9 7 5 3 6 2 0 1 4
13 3 10 2 5 3 0 4 7 1 6
13 4 9 2 7 3 6 5 0 1 4
13 5 8 2 5 3 4 6 7 0 1
13 3 10 2 5 3 6 7 1 4 0
13 5 8 5 2 3 6 0 7 1 4
13 6 7 6 2 3 0 5 7 1 4
12 7 5 6 2 3 4 5 7 1 0
13 7 6 4 2 3 6 5 7 1 0
13 4 9 7 2 3 6 0 5 1 4
13 5 8 6 2 3 0 7 5 1 4
12 6 6 6 2 3 4 7 5 1 0
13 6 7 4 2 3 6 7 5 1 0
13 3 10 5 3 0 6 2 7 1 4
12 4 8 5 3 1 6 2 7 0 4
12 4 8 5 3 6 0 2 7 1 4
12 5 7 5 3 1 6 2 7 4 0
13 4 9 5 7 3 6 2 1 0 4
13 4 9 6 5 3 4 2 7 1 0
13 6 7 2 5 3 4 6 0 7 1
13 5 8 7 2 3 6 5 0 1 4
13 5 8 5 3 1 6 2 0 7 4
13 5 8 5 3 6 4 2 7 1 0
13 6 7 5 3 1 0 2 7 4 6
13 5 8 5 7 3 6 2 1 4 0
13 7 6 2 5 3 4 0 6 7 1
13 9 4 2 5 3 4 1 6 7 0
14 4 10 4 5 3 6 2 7 1 0
14 3 11 2 5 3 6 4 7 0 1
14 4 10 2 3 0 6 5 7 1 4
13 5 8 2 3 1 6 5 7 0 4
13 6 7 2 3 1 6 5 0 7 4
14 6 8 2 5 3 1 6 7 0 4
14 6 8 2 5 3 4 0 7 1 6
14 3 11 2 3 0 6 7 5 1 4
13 4 9 2 3 1 6 7 5 0 4
14 6 8 5 2 3 6 7 0 1 4
14 4 10 5 7 3 6 0 2 1 4
14 5 9 7 5 3 6 2 1 0 4
14 5 9 2 7 3 6 5 1 0 4
14 4 10 2 5 3 0 7 1 4 6
14 8 6 6 2 3 4 5 7 0 1
14 8 6 4 2 3 0 5 7 1 6
14 7 7 6 2 3 4 7 5 0 1
14 7 7 4 2 3 0 7 5 1 6
14 7 7 5 3 6 1 2 7 0 4
14 7 7 2 0 3 4 6 5 7 1
14 6 8 7 2 3 6 5 1 0 4
14 6 8 5 3 1 6 0 2 7 4
14 6 8 5 7 3 0 2 1 4 6
14 4 10 2 5 3 6 4 0 7 1
14 5 9 2 3 6 0 5 7 1 4
13 6 7 2 3 6 4 5 7 1 0
14 6 8 2 3 1 6 5 7 4 0
14 7 7 2 5 3 1 6 0 7 4
14 4 10 2 3 6 0 7 5 1 4
13 5 8 2 3 6 4 7 5 1 0
14 5 9 2 3 1 6 7 0 5 4
14 5 9 2 3 1 6 7 5 4 0
14 6 8 7 5 3 6 2 1 4 0
14 9 5 6 2 3 4 5 0 7 1
14 8 6 5 3 6 1 2 7 4 0
14 8 6 0 2 3 4 6 5 7 1
13 11 2 1 2 3 4 6 5 7 0
14 8 6 2 5 3 1 0 6 7 4
15 4 11 2 5 0 3 6 7 1 4
14 5 9 2 5 1 3 6 7 0 4
14 6 8 2 5 1 3 6 0 7 4
14 6 8 2 5 1 3 6 7 4 0
14 7 7 2 5 1 3 0 6 7 4
15 5 10 0 5 3 2 6 7 1 4
15 3 12 2 5 0 6 7 1 3 4
15 4 11 6 5 0 3 2 7 1 4
14 5 9 6 5 1 3 2 7 0 4
14 6 8 6 5 1 3 2 7 4 0
15 6 9 6 5 3 1 2 7 0 4
15 5 10 7 5 3 6 0 2 1 4
15 4 11 2 5 0 3 4 7 1 6
14 5 9 2 5 1 3 4 7 0 6
13 6 7 2 5 1 3 4 7 6 0
15 6 9 2 5 3 1 4 7 0 6
14 7 7 2 5 3 1 4 7 6 0
15 5 10 2 7 3 6 0 5 1 4
15 5 10 2 5 3 6 0 1 4 7
15 7 8 5 2 3 6 4 7 1 0
15 8 7 5 2 3 0 6 7 1 4
14 9 5 5 2 3 4 6 7 1 0
15 9 6 6 2 3 1 5 7 0 4
15 8 7 4 2 3 6 5 7 0 1
15 6 9 7 2 3 6 4 5 1 0
15 7 8 7 2 3 0 6 5 1 4
14 8 6 7 2 3 4 6 5 1 0
15 8 7 6 2 3 1 7 5 0 4
15 8 7 6 2 3 4 0 5 1 7
15 7 8 4 2 3 6 7 5 0 1
15 6 9 0 3 6 5 2 7 1 4
15 5 10 6 5 3 4 2 7 0 1
15 6 9 5 3 6 4 2 7 0 1
15 7 8 5 3 0 1 2 7 4 6
15 10 5 2 0 3 4 5 6 7 1
15 5 10 4 5 3 0 2 7 1 6
15 7 8 2 3 1 6 0 5 7 4
15 7 8 2 5 3 1 6 7 4 0
15 7 8 2 5 3 4 7 0 1 6
15 7 8 5 2 3 6 7 1 0 4
15 5 10 0 7 3 6 5 2 1 4
15 6 9 5 7 3 6 4 2 1 0
15 6 9 2 7 3 6 5 1 4 0
15 7 8 2 5 3 4 7 1 0 6
15 7 8 2 5 3 7 0 1 4 6
15 8 7 6 2 3 4 7 0 5 1
15 8 7 5 3 0 1 2 7 6 4
15 8 7 5 3 6 1 2 0 7 4
15 7 8 7 2 3 6 5 1 4 0
15 7 8 0 3 1 6 5 2 7 4
15 5 10 2 0 3 6 4 5 7 1
15 5 10 2 5 3 6 0 4 7 1
15 7 8 2 3 6 4 5 7 0 1
15 7 8 2 3 1 0 5 7 4 6
15 8 7 2 0 3 1 6 5 7 4
15 7 8 2 3 6 7 0 5 1 4
15 6 9 2 3 6 4 7 5 0 1
15 6 9 2 3 1 6 0 7 5 4
15 6 9 2 3 1 0 7 5 4 6
15 7 8 7 5 3 0 2 1 4 6
15 9 6 6 2 3 4 0 5 7 1
15 5 10 2 0 5 3 6 7 1 4
14 6 8 2 7 5 3 6 0 1 4
15 7 8 2 0 1 3 6 5 7 4
15 6 9 5 0 3 2 6 7 1 4
15 4 11 2 5 6 0 7 1 3 4
14 5 9 2 5 6 4 7 1 3 0
15 5 10 6 0 5 3 2 7 1 4
14 6 8 6 7 5 3 2 0 1 4
15 6 9 6 5 1 3 2 0 7 4
15 7 8 6 5 3 1 2 7 4 0
15 5 10 2 0 5 3 4 7 1 6
14 6 8 2 7 5 3 4 0 1 6
14 7 7 2 7 5 3 0 4 1 6
15 6 9 2 5 1 3 4 0 7 6
15 7 8 2 5 3 1 4 0 7 6
15 6 9 2 5 3 6 1 0 4 7
15 10 5 6 2 3 1 5 0 7 4
15 9 6 4 2 3 6 5 0 7 1
15 9 6 6 2 3 4 5 0 1 7
15 6 9 6 5 3 4 2 0 7 1
15 11 4 0 2 3 4 5 6 7 1
