0 0 0 2 7 4 1 0 5 6 3
10 1 9 2 7 4 1 5 0 6 3
10 2 8 2 7 4 1 5 6 0 3
9 3 6 2 7 4 1 5 6 3 0
11 1 10 0 7 4 1 2 5 6 3
11 2 9 2 7 4 1 3 5 6 0
11 2 9 2 0 4 1 5 7 6 3
11 3 8 1 7 4 0 2 5 6 3
10 4 6 1 7 4 3 2 5 6 0
11 4 7 3 7 4 1 2 5 6 0
11 3 8 0 2 4 1 5 7 6 3
11 5 6 1 2 4 0 5 7 6 3
10 6 4 1 2 4 3 5 7 6 0
11 6 5 3 2 4 1 5 7 6 0
12 4 8 2 7 4 0 5 6 3 1
12 2 10 7 0 4 1 2 5 6 3
11 3 8 7 5 4 1 2 0 6 3
12 4 8 5 7 4 1 2 0 6 3
12 3 9 2 4 0 1 5 7 6 3
12 4 8 5 2 4 1 0 7 6 3
12 6 6 1 2 0 4 5 7 6 3
12 7 5 1 2 4 3 5 7 0 6
12 3 9 7 4 0 1 2 5 6 3
12 4 8 2 4 1 0 5 7 6 3
11 5 6 2 4 1 3 5 7 6 0
12 8 4 1 2 4 3 5 0 7 6
12 4 8 7 4 1 0 2 5 6 3
11 5 6 7 4 1 3 2 5 6 0
13 3 10 2 0 4 1 7 5 6 3
13 3 10 2 7 4 0 1 5 6 3
12 4 8 2 7 4 3 1 5 6 0
13 3 10 2 7 0 1 5 6 4 3
13 5 8 2 7 4 1 0 6 3 5
13 3 10 2 7 4 1 3 5 0 6
13 4 9 1 7 0 4 2 5 6 3
13 5 8 1 7 4 3 2 5 0 6
13 7 6 3 2 4 1 5 7 0 6
13 5 8 2 7 0 4 5 6 3 1
12 6 6 2 7 3 4 5 6 0 1
12 7 5 2 7 3 4 5 6 1 0
13 4 9 7 5 4 1 0 2 6 3
13 4 9 7 5 4 1 2 6 0 3
13 4 9 2 4 6 1 5 7 0 3
12 5 7 2 4 6 1 5 7 3 0
13 5 8 5 2 4 1 7 0 6 3
13 6 7 5 2 4 1 3 7 6 0
13 7 6 1 2 6 4 5 7 0 3
12 8 4 1 2 6 4 5 7 3 0
13 4 9 7 4 6 1 2 5 0 3
13 6 7 2 4 1 3 5 7 0 6
13 4 9 0 2 4 1 7 5 6 3
13 4 9 2 0 7 1 5 6 4 3
13 4 9 2 7 1 0 5 6 4 3
12 5 7 2 7 1 3 5 6 4 0
13 6 7 1 7 4 3 2 0 5 6
13 8 5 3 2 4 1 5 0 7 6
13 6 7 2 0 7 4 5 6 3 1
13 5 8 7 5 4 1 2 6 3 0
13 5 8 2 4 6 1 5 0 7 3
13 6 7 5 2 4 1 7 6 0 3
12 7 5 5 2 4 1 7 6 3 0
13 8 5 1 2 6 4 5 0 7 3
13 5 8 7 4 6 1 2 0 5 3
13 5 8 7 4 6 1 2 5 3 0
13 7 6 2 4 1 3 5 0 7 6
13 6 7 1 2 4 0 7 5 6 3
12 7 5 1 2 4 3 7 5 6 0
13 7 6 3 2 4 1 7 5 6 0
13 5 8 0 2 7 1 5 6 4 3
13 6 7 2 7 1 3 5 6 0 4
13 7 6 0 2 7 4 5 6 3 1
12 10 2 1 2 7 4 5 6 3 0
13 7 6 1 2 7 0 5 6 4 3
12 8 4 1 2 7 3 5 6 4 0
13 8 5 3 2 7 1 5 6 4 0
13 9 4 1 2 7 3 5 6 0 4
14 6 8 2 7 0 1 5 6 3 4
13 7 6 2 7 3 1 5 6 0 4
14 3 11 2 7 4 0 3 5 6 1
14 6 8 1 7 4 3 0 5 6 2
14 7 7 1 7 0 3 2 5 6 4
14 5 9 3 7 4 0 2 5 6 1
14 5 9 3 7 4 1 2 5 0 6
14 6 8 7 2 4 1 5 0 6 3
14 8 6 1 2 4 3 0 7 6 5
14 7 7 3 2 4 0 5 7 6 1
14 5 9 5 7 4 1 0 2 6 3
14 5 9 5 7 4 1 2 6 0 3
14 7 7 1 0 2 4 5 7 6 3
14 9 5 1 2 4 3 0 5 7 6
14 6 8 0 4 1 7 2 5 6 3
14 6 8 7 4 1 3 2 5 0 6
14 4 10 2 5 4 1 7 0 6 3
14 4 10 2 4 0 1 7 5 6 3
14 4 10 2 7 0 4 1 5 6 3
14 5 9 2 7 4 3 1 5 0 6
14 4 10 2 7 4 1 3 0 5 6
14 5 9 1 7 6 4 2 5 0 3
14 5 9 1 0 7 4 2 5 6 3
13 6 7 1 5 7 4 2 0 6 3
14 6 8 1 7 0 3 2 5 4 6
14 7 7 2 7 3 4 5 0 6 1
14 6 8 7 5 4 1 3 2 6 0
14 5 9 7 5 0 1 2 6 4 3
14 5 9 7 2 4 1 0 5 6 3
14 5 9 2 6 7 1 5 0 4 3
14 7 7 2 7 1 4 5 6 0 3
13 8 5 2 7 1 4 5 6 3 0
14 7 7 2 6 7 4 5 0 3 1
14 6 8 7 0 6 1 2 4 5 3
14 7 7 1 2 0 4 7 5 6 3
14 8 6 1 2 4 3 7 5 0 6
14 6 8 5 2 7 1 0 6 4 3
14 8 6 5 2 7 4 0 6 3 1
14 10 4 1 2 7 4 5 6 0 3
14 9 5 3 2 7 1 5 6 0 4
14 10 4 1 2 0 3 5 6 7 4
13 11 2 1 2 3 0 5 6 7 4
