0 0 0 6 2 7 0 3 4 5 1
13 1 12 6 2 7 1 3 4 5 0
13 1 12 6 2 0 7 3 4 5 1
13 2 11 6 2 5 7 3 4 0 1
13 3 10 6 2 5 7 3 4 1 0
14 2 12 0 2 7 6 3 4 5 1
13 5 8 1 2 7 6 3 4 5 0
13 6 7 1 2 7 0 3 4 5 6
13 7 6 1 2 0 7 3 4 5 6
13 8 5 1 2 5 7 3 4 0 6
13 9 4 1 2 5 7 3 4 6 0
14 4 10 0 2 7 1 3 4 5 6
14 6 8 0 2 5 7 3 4 1 6
14 3 11 3 2 7 6 0 4 5 1
13 5 8 3 2 7 6 1 4 5 0
13 6 7 3 2 7 0 1 4 5 6
13 7 6 3 2 0 7 1 4 5 6
13 8 5 3 2 5 7 1 4 0 6
13 9 4 3 2 5 7 1 4 6 0
14 3 11 2 0 7 6 3 4 5 1
14 5 9 3 2 7 1 0 4 5 6
14 5 9 2 0 7 1 3 4 5 6
14 7 7 3 2 5 7 0 4 1 6
14 7 7 2 0 5 7 3 4 1 6
15 2 13 6 2 7 1 3 4 0 5
15 2 13 6 0 2 7 3 4 5 1
15 3 12 6 2 5 7 3 0 4 1
15 4 11 6 2 5 0 3 4 1 7
15 6 9 1 2 7 6 3 4 0 5
15 8 7 1 0 2 7 3 4 5 6
15 9 6 1 2 5 7 3 0 4 6
15 10 5 1 2 5 0 3 4 6 7
15 6 9 3 0 7 6 2 4 5 1
15 6 9 3 2 7 6 1 4 0 5
15 8 7 3 0 2 7 1 4 5 6
15 9 6 3 2 5 7 1 0 4 6
15 10 5 3 2 5 0 1 4 6 7
15 8 7 3 0 7 1 2 4 5 6
15 10 5 3 0 5 7 2 4 1 6
15 3 12 0 6 2 7 3 4 5 1
14 6 8 1 6 2 7 3 4 5 0
15 4 11 6 0 5 7 3 2 4 1
15 4 11 6 2 5 7 0 3 4 1
14 6 8 6 2 5 7 1 3 4 0
15 10 5 1 0 5 7 3 2 4 6
15 10 5 1 2 5 7 0 3 4 6
15 7 8 0 3 7 6 2 4 5 1
14 10 4 1 3 7 6 2 4 5 0
14 11 3 1 3 7 0 2 4 5 6
14 12 2 1 3 0 7 2 4 5 6
14 13 1 1 3 5 7 2 4 0 6
