0 0 0 1 5 4 7 2 6 3 0
8 1 7 1 5 4 0 2 6 3 7
8 1 7 1 5 4 7 2 6 0 3
8 2 6 1 5 0 4 2 6 3 7
8 2 6 1 5 0 7 2 6 4 3
8 2 6 1 5 4 7 2 0 6 3
8 3 5 1 5 3 4 2 6 0 7
8 3 5 1 0 5 7 2 6 4 3
8 4 4 1 5 3 4 2 6 7 0
9 3 6 1 5 0 7 2 6 3 4
9 4 5 1 5 3 7 2 6 0 4
9 4 5 1 0 5 7 2 6 3 4
9 5 4 1 5 3 7 2 0 6 4
9 5 4 1 5 3 7 2 6 4 0
10 3 7 1 0 5 4 2 6 3 7
10 3 7 1 5 7 0 2 6 4 3
10 3 7 1 0 4 7 2 5 6 3
10 3 7 1 5 4 7 0 2 6 3
10 4 6 1 5 3 4 2 0 6 7
10 4 6 1 6 5 7 2 0 4 3
10 4 6 0 1 5 7 2 6 4 3
10 5 5 1 5 3 0 2 6 7 4
10 4 6 1 5 7 3 2 6 4 0
10 4 6 1 4 0 7 2 5 6 3
10 5 5 1 0 3 4 2 5 6 7
10 5 5 1 5 3 4 0 2 6 7
10 5 5 1 6 5 7 2 4 0 3
10 6 4 1 6 5 7 2 4 3 0
11 2 9 1 5 4 7 0 6 3 2
11 4 7 1 5 4 3 2 6 0 7
11 4 7 1 5 4 2 0 6 3 7
11 6 5 1 5 3 4 0 6 7 2
11 4 7 1 5 7 0 2 6 3 4
11 5 6 1 6 5 7 2 0 3 4
11 5 6 0 1 5 7 2 6 3 4
11 6 5 1 0 3 7 2 5 6 4
11 6 5 1 5 3 7 0 2 6 4
11 6 5 1 5 3 0 2 6 4 7
11 5 6 1 5 4 7 3 2 6 0
11 7 4 3 1 5 7 2 6 4 0
11 8 3 1 0 3 4 5 2 6 7
11 5 6 1 5 0 3 2 6 4 7
11 5 6 1 5 4 3 2 0 6 7
11 5 6 1 5 4 3 2 6 7 0
11 5 6 1 5 7 4 2 6 3 0
11 6 5 1 6 5 7 2 3 0 4
11 7 4 1 3 0 7 2 5 6 4
11 9 2 1 2 3 4 5 0 6 7
11 6 5 1 0 5 3 2 6 4 7
11 7 4 1 6 5 7 2 3 4 0
11 10 1 1 2 3 4 5 6 0 7
