0 0 0 1 5 4 7 2 6 3 0
8 1 7 1 5 4 7 2 6 0 3
8 2 6 1 5 4 7 2 0 6 3
9 1 8 1 5 4 0 2 6 3 7
9 2 7 1 5 0 7 2 6 4 3
9 3 6 1 0 5 7 2 6 4 3
10 2 8 1 5 4 7 0 6 3 2
10 3 7 1 5 0 7 2 6 3 4
9 4 5 1 5 3 7 2 6 0 4
9 5 4 1 5 3 7 2 0 6 4
9 5 4 1 5 3 7 2 6 4 0
10 3 7 1 5 4 7 0 2 6 3
10 2 8 1 5 0 4 2 6 3 7
9 3 6 1 5 3 4 2 6 0 7
8 4 4 1 5 3 4 2 6 7 0
10 3 7 1 5 7 0 2 6 4 3
9 4 5 1 5 7 3 2 6 4 0
10 4 6 1 6 5 7 2 0 4 3
10 4 6 1 0 5 7 2 6 3 4
10 4 6 1 5 3 4 2 0 6 7
10 5 5 1 6 5 7 2 4 0 3
10 6 4 1 6 5 7 2 4 3 0
11 3 8 1 0 4 7 2 5 6 3
11 4 7 1 5 4 3 2 6 0 7
11 4 7 1 5 4 2 0 6 3 7
11 4 7 0 1 5 7 2 6 4 3
11 3 8 1 5 4 7 6 0 3 2
11 4 7 1 5 7 0 2 6 3 4
11 6 5 1 5 3 7 0 2 6 4
11 5 6 1 5 4 7 3 2 6 0
11 3 8 1 0 5 4 2 6 3 7
11 5 6 1 5 3 0 2 6 7 4
11 6 5 1 5 3 4 0 6 7 2
11 5 6 1 5 7 3 2 6 0 4
11 5 6 1 6 5 7 2 0 3 4
11 5 6 1 5 3 4 0 2 6 7
11 4 7 1 4 0 7 2 5 6 3
11 5 6 1 5 4 3 2 0 6 7
11 5 6 1 5 4 3 2 6 7 0
11 7 4 3 1 5 7 2 6 4 0
11 4 7 1 5 4 7 6 3 0 2
11 5 6 1 5 7 4 2 6 3 0
11 6 5 1 5 7 3 2 0 6 4
11 6 5 1 6 5 7 2 3 0 4
11 5 6 1 5 4 7 6 3 2 0
11 7 4 1 6 5 7 2 3 4 0
12 6 6 1 0 3 7 2 5 6 4
12 6 6 1 5 3 0 2 6 4 7
12 5 7 1 6 5 7 0 2 4 3
12 5 7 0 1 5 7 2 6 3 4
12 5 7 1 0 3 4 2 5 6 7
12 5 7 1 5 0 3 2 6 4 7
12 6 6 1 5 4 2 7 6 3 0
12 5 7 2 1 5 7 0 6 4 3
12 8 4 1 5 3 7 4 2 6 0
12 4 8 1 6 5 4 2 0 3 7
12 7 5 1 5 3 4 7 2 6 0
12 5 7 1 4 6 7 2 5 0 3
12 5 7 1 4 7 0 2 5 6 3
11 6 5 1 4 7 3 2 5 6 0
12 5 7 1 5 0 7 6 3 4 2
12 7 5 1 3 0 7 2 5 6 4
12 6 6 1 0 5 3 2 6 4 7
12 5 7 1 6 5 4 0 2 3 7
12 5 7 1 6 5 4 2 3 0 7
12 6 6 1 4 6 7 2 0 5 3
12 6 6 1 4 6 7 2 5 3 0
12 6 6 1 0 5 7 6 3 4 2
11 7 4 1 3 5 7 6 0 4 2
11 8 3 1 3 5 7 6 4 0 2
11 9 2 1 3 5 7 6 4 2 0
12 8 4 1 3 5 7 0 6 4 2
12 10 2 1 3 5 7 2 6 4 0
13 3 10 0 5 4 7 2 6 3 1
13 3 10 0 5 4 1 2 6 3 7
12 4 8 2 5 4 1 0 6 3 7
13 3 10 0 5 4 7 1 6 3 2
13 5 8 1 0 4 7 5 6 3 2
13 5 8 1 5 4 0 7 6 3 2
13 7 6 1 5 3 7 0 6 4 2
13 4 9 0 5 4 7 1 2 6 3
13 6 7 1 5 7 3 0 6 4 2
13 6 7 1 6 0 7 2 4 5 3
13 7 6 1 6 5 0 2 4 3 7
13 4 9 0 1 4 7 2 5 6 3
13 5 8 1 5 4 2 6 0 3 7
13 7 6 1 0 4 2 5 6 3 7
13 6 7 7 1 5 0 2 6 4 3
12 7 5 7 1 5 3 2 6 4 0
13 4 9 0 1 5 4 2 6 3 7
12 5 7 2 1 5 4 0 6 3 7
13 8 5 1 5 3 2 0 6 7 4
13 7 6 1 5 3 4 6 0 7 2
13 9 4 1 0 3 4 5 6 7 2
13 6 7 1 6 5 7 0 2 3 4
13 8 5 1 0 3 4 5 2 6 7
12 9 3 1 2 3 4 5 0 6 7
12 10 2 1 2 3 4 5 6 0 7
