0 0 0 7 5 2 0 6 3 4 1
14 2 12 0 5 2 7 6 3 4 1
13 5 8 1 5 2 7 6 3 4 0
14 7 7 1 5 2 7 0 3 4 6
15 1 14 7 5 2 1 6 3 4 0
15 6 9 1 5 2 0 6 3 4 7
15 6 9 1 5 2 7 6 3 0 4
15 2 13 7 5 2 1 6 3 0 4
15 7 8 1 5 0 7 6 3 2 4
15 7 8 1 5 2 7 6 0 3 4
15 3 12 7 5 2 1 6 0 3 4
15 8 7 1 0 5 7 6 3 2 4
15 8 7 1 0 2 7 6 5 3 4
15 8 7 1 5 2 7 0 6 3 4
15 4 11 7 0 2 1 6 5 3 4
15 4 11 7 5 2 1 0 6 3 4
15 9 6 1 3 5 7 6 0 2 4
15 9 6 1 2 0 7 6 5 3 4
15 5 10 0 7 2 1 6 5 3 4
14 7 7 1 7 2 0 6 5 3 4
14 8 6 1 7 2 4 6 5 3 0
15 5 10 7 2 0 1 6 5 3 4
15 5 10 0 5 2 1 7 6 3 4
14 7 7 1 5 2 0 7 6 3 4
14 8 6 1 5 2 4 7 6 3 0
15 10 5 1 3 5 7 0 6 2 4
15 10 5 1 3 5 7 6 2 0 4
15 10 5 1 2 3 7 6 5 0 4
15 10 5 1 2 7 0 6 5 3 4
15 6 9 7 2 3 1 6 5 0 4
15 6 9 7 2 1 0 6 5 3 4
15 6 9 5 0 2 1 7 6 3 4
15 10 5 1 5 2 4 0 6 3 7
15 11 4 1 3 5 7 6 2 4 0
15 11 4 1 2 7 4 6 5 3 0
15 7 8 7 2 1 4 6 5 3 0
15 7 8 5 2 0 1 7 6 3 4
15 8 7 5 2 3 1 7 6 0 4
15 8 7 5 2 1 0 7 6 3 4
15 9 6 5 2 1 4 7 6 3 0
16 3 13 7 5 2 4 6 3 0 1
16 3 13 6 5 2 7 0 3 4 1
15 5 10 6 5 2 7 1 3 4 0
16 3 13 5 0 2 7 6 3 4 1
16 8 8 1 5 0 7 6 3 4 2
16 8 8 0 5 2 7 1 3 4 6
16 8 8 1 5 2 7 3 0 4 6
16 3 13 7 5 2 1 0 3 4 6
16 4 12 0 5 2 1 6 3 4 7
16 9 7 1 5 2 4 6 3 0 7
16 11 5 1 0 2 7 5 6 3 4
16 7 9 7 0 2 1 5 6 3 4
16 7 9 7 5 2 0 1 6 3 4
16 8 8 1 7 0 2 6 5 3 4
16 9 7 1 7 2 4 6 5 0 3
16 8 8 1 5 0 2 7 6 3 4
16 9 7 1 5 2 4 7 6 0 3
16 12 4 1 3 5 7 4 6 2 0
16 8 8 0 2 1 7 6 5 3 4
16 13 3 1 0 2 4 5 6 3 7
16 13 3 1 3 5 7 0 2 4 6
16 10 6 0 2 1 4 6 5 3 7
16 11 5 5 2 1 4 0 6 3 7
16 4 12 7 5 2 4 6 0 3 1
16 4 12 7 5 2 4 6 3 1 0
16 4 12 5 3 2 7 6 0 4 1
16 4 12 5 2 0 7 6 3 4 1
16 9 7 1 0 5 7 6 3 4 2
16 9 7 1 5 2 7 3 4 0 6
16 5 11 5 0 2 1 6 3 4 7
16 10 6 1 5 2 4 6 0 3 7
16 10 6 1 5 2 4 6 3 7 0
16 12 4 1 2 0 7 5 6 3 4
16 8 8 0 7 2 1 5 6 3 4
15 10 5 1 7 2 0 5 6 3 4
15 11 4 1 7 2 4 5 6 3 0
16 8 8 7 2 0 1 5 6 3 4
16 8 8 7 5 2 4 1 6 3 0
16 9 7 1 7 3 2 6 5 0 4
16 9 7 1 0 7 2 6 5 3 4
16 9 7 1 5 3 2 7 6 0 4
16 14 2 1 2 0 4 5 6 3 7
16 14 2 1 3 5 7 2 0 4 6
16 12 4 0 2 1 4 5 6 3 7
16 5 11 7 0 2 4 6 5 3 1
16 5 11 7 5 2 4 0 6 3 1
15 7 8 7 5 2 4 1 6 3 0
16 5 11 5 3 2 7 0 6 4 1
15 7 8 5 3 2 7 1 6 4 0
15 8 7 5 3 2 0 1 6 4 7
15 8 7 5 3 2 7 1 6 0 4
16 5 11 5 3 2 7 6 4 0 1
16 5 11 5 2 4 7 6 3 0 1
16 5 11 5 2 7 0 6 3 4 1
16 10 6 1 3 5 7 6 0 4 2
16 10 6 1 5 0 7 3 4 2 6
16 10 6 1 5 2 7 3 4 6 0
16 6 10 5 3 2 1 6 0 4 7
16 6 10 5 2 0 1 6 3 4 7
16 11 5 1 0 2 4 6 5 3 7
16 13 3 1 2 3 7 5 6 0 4
16 13 3 1 2 7 0 5 6 3 4
16 9 7 7 2 3 1 5 6 0 4
16 9 7 7 2 1 0 5 6 3 4
16 15 1 1 2 3 4 5 6 0 7
16 15 1 1 3 5 7 2 4 0 6
16 6 10 0 7 2 4 6 5 3 1
16 6 10 7 2 0 4 6 5 3 1
16 6 10 0 5 2 4 7 6 3 1
16 10 6 0 5 2 4 1 6 3 7
16 6 10 0 3 2 7 5 6 4 1
15 9 6 1 3 2 7 5 6 4 0
15 10 5 1 3 2 0 5 6 4 7
15 10 5 1 3 2 7 5 6 0 4
16 11 5 5 3 2 4 1 6 0 7
16 6 10 5 3 0 7 6 4 2 1
16 6 10 5 3 2 7 6 4 1 0
16 6 10 5 2 4 7 6 0 3 1
16 6 10 5 2 4 7 6 3 1 0
16 6 10 5 2 7 1 6 3 4 0
16 11 5 1 3 5 7 0 6 4 2
15 13 2 1 3 5 7 2 6 4 0
16 11 5 1 3 5 7 6 4 0 2
16 11 5 1 0 5 7 3 4 2 6
16 7 9 5 3 2 1 0 6 4 7
16 7 9 5 2 4 1 6 3 0 7
16 7 9 5 2 1 0 6 3 4 7
16 12 4 1 2 0 4 6 5 3 7
16 14 2 1 2 7 4 5 6 3 0
16 10 6 7 2 1 4 5 6 3 0
