0 0 0 0 4 3 2 5 6 7 1
7 3 4 1 4 3 2 5 6 7 0
9 2 7 2 4 3 0 5 6 7 1
9 4 5 1 4 3 0 5 6 7 2
9 4 5 1 4 3 2 5 6 0 7
9 3 6 2 4 3 1 5 6 7 0
10 1 9 5 4 3 2 0 6 7 1
9 3 6 5 4 3 2 1 6 7 0
10 1 9 4 0 3 2 5 6 7 1
11 3 8 2 4 0 3 5 6 7 1
11 5 6 1 4 0 3 5 6 7 2
11 5 6 1 4 0 2 5 6 3 7
11 5 6 1 4 3 2 5 0 6 7
11 4 7 2 4 3 1 5 6 0 7
11 4 7 5 4 3 0 1 6 7 2
11 4 7 5 4 3 2 1 6 0 7
11 4 7 2 0 4 3 5 6 7 1
11 6 5 1 0 4 3 5 6 7 2
11 6 5 1 0 4 2 5 6 3 7
11 6 5 1 4 2 0 5 6 3 7
11 5 6 0 2 4 3 5 6 7 1
10 8 2 1 2 4 3 5 6 7 0
12 5 7 1 4 3 2 0 6 7 5
12 6 6 1 4 0 2 5 6 7 3
12 2 10 5 4 3 2 6 0 7 1
12 2 10 4 6 3 2 5 0 7 1
12 2 10 4 3 0 2 5 6 7 1
12 9 3 1 2 4 0 5 6 7 3
12 9 3 1 2 4 3 5 6 0 7
12 7 5 1 0 4 2 5 6 7 3
12 7 5 1 4 2 0 5 6 7 3
12 3 9 4 3 2 0 5 6 7 1
11 5 6 0 3 2 4 5 6 7 1
10 8 2 1 3 2 4 5 6 7 0
12 10 2 1 2 0 4 5 6 7 3
12 8 4 1 4 2 3 5 6 7 0
12 4 8 4 3 2 1 5 6 7 0
12 9 3 1 3 2 0 5 6 7 4
12 9 3 1 3 2 4 5 6 0 7
13 3 10 6 4 3 2 5 0 7 1
13 4 9 5 4 3 0 2 6 7 1
13 4 9 2 4 7 3 5 6 0 1
13 6 7 1 4 7 3 5 6 0 2
13 6 7 1 0 3 2 5 4 6 7
13 6 7 1 4 3 2 0 5 6 7
13 5 8 2 4 0 1 5 6 3 7
13 5 8 2 4 3 1 5 0 6 7
13 5 8 5 4 0 3 1 6 7 2
13 5 8 5 4 0 2 1 6 3 7
13 5 8 5 4 3 2 1 0 6 7
13 5 8 2 6 4 3 5 0 7 1
13 7 6 1 6 4 3 5 0 7 2
13 7 6 0 1 4 3 5 6 7 2
13 7 6 1 6 4 2 5 0 3 7
13 7 6 0 1 4 2 5 6 3 7
13 7 6 1 4 2 7 5 6 3 0
13 6 7 5 2 4 3 0 6 7 1
12 8 4 5 2 4 3 1 6 7 0
13 11 2 1 2 0 3 5 6 7 4
13 6 7 5 3 2 4 0 6 7 1
12 8 4 5 3 2 4 1 6 7 0
13 6 7 3 0 2 4 5 6 7 1
13 7 6 0 3 2 1 5 6 7 4
13 5 8 5 4 3 1 2 6 7 0
13 5 8 2 4 7 3 5 6 1 0
13 7 6 1 4 7 3 5 6 2 0
13 6 7 2 0 4 1 5 6 3 7
13 6 7 2 4 1 0 5 6 3 7
13 6 7 5 0 4 3 1 6 7 2
13 6 7 5 0 4 2 1 6 3 7
13 6 7 5 4 2 0 1 6 3 7
13 12 1 1 2 3 0 5 6 7 4
13 7 6 3 2 0 4 5 6 7 1
13 7 6 0 2 4 1 5 6 3 7
12 9 3 1 2 4 0 5 6 3 7
12 10 2 1 2 0 4 5 6 3 7
12 11 1 1 2 3 4 5 6 0 7
