0 0 0 7 4 0 1 2 3 5 6
10 1 9 7 4 5 1 2 3 0 6
10 1 9 7 4 1 0 2 3 5 6
9 3 6 0 4 1 7 2 3 5 6
10 2 8 7 4 5 1 2 3 6 0
11 4 7 2 4 1 7 0 3 5 6
11 4 7 4 0 1 7 2 3 5 6
11 5 6 0 4 5 1 2 3 6 7
10 7 3 1 4 5 0 2 3 6 7
10 8 2 1 4 5 7 2 3 6 0
11 5 6 4 3 1 7 2 0 5 6
11 5 6 4 1 0 7 2 3 5 6
11 6 5 4 1 5 7 2 3 0 6
11 7 4 4 1 5 7 2 3 6 0
12 1 11 7 0 4 1 2 3 5 6
12 2 10 7 4 5 1 2 0 3 6
12 2 10 7 4 1 6 2 3 5 0
12 6 6 3 4 1 7 2 0 5 6
12 3 9 7 4 5 0 2 3 6 1
11 5 6 0 4 5 7 2 3 6 1
12 8 4 1 4 0 5 2 3 6 7
12 9 3 1 4 5 7 2 3 0 6
12 2 10 7 3 4 1 2 0 5 6
12 2 10 0 7 4 1 2 3 5 6
11 4 7 1 7 4 0 2 3 5 6
12 3 9 7 0 5 1 2 4 3 6
12 7 5 3 0 1 7 2 4 5 6
12 4 8 0 7 5 1 2 4 3 6
11 6 5 1 7 5 0 2 4 3 6
12 8 4 0 3 1 7 2 4 5 6
12 8 4 3 1 0 7 2 4 5 6
12 9 3 3 1 5 7 2 4 0 6
12 10 2 3 1 5 7 2 4 6 0
13 4 9 7 4 1 5 2 3 0 6
13 5 8 2 4 1 7 3 0 5 6
13 6 7 2 4 5 1 0 3 6 7
13 6 7 4 0 5 1 2 3 6 7
13 6 7 4 3 1 7 0 2 5 6
13 6 7 4 3 1 7 2 5 0 6
13 6 7 4 1 7 0 2 3 5 6
13 7 6 4 1 5 7 2 0 3 6
13 8 5 4 1 5 0 2 3 6 7
13 5 8 0 4 1 6 2 3 5 7
13 6 7 2 4 5 7 0 3 6 1
12 8 4 2 4 5 7 1 3 6 0
13 6 7 4 0 5 7 2 3 6 1
13 5 8 1 7 4 6 2 3 5 0
13 5 8 1 7 0 4 2 3 5 6
13 7 6 1 7 5 6 2 4 3 0
13 7 6 1 7 0 5 2 4 3 6
13 5 8 7 4 1 5 2 3 6 0
13 6 7 2 0 1 7 3 4 5 6
13 7 6 4 3 5 1 2 0 6 7
13 7 6 0 3 1 7 4 2 5 6
13 7 6 4 3 1 7 2 5 6 0
13 7 6 4 3 5 7 2 0 6 1
13 6 7 1 7 5 4 2 3 0 6
13 6 7 1 0 7 4 2 3 5 6
13 8 5 1 7 3 5 2 4 0 6
13 8 5 1 0 7 5 2 4 3 6
13 7 6 2 1 0 7 3 4 5 6
13 7 6 1 7 5 4 2 3 6 0
13 7 6 1 3 7 4 2 0 5 6
13 9 4 1 7 3 5 2 4 6 0
13 8 5 2 1 5 7 3 4 0 6
13 8 5 1 7 5 0 2 3 6 4
13 9 4 2 1 5 7 3 4 6 0
14 6 8 6 4 1 7 2 3 5 0
14 6 8 2 4 1 7 6 3 5 0
14 7 7 2 0 1 7 4 3 5 6
14 8 6 3 4 5 1 2 0 6 7
14 10 4 0 1 5 7 2 3 6 4
14 3 11 7 4 5 1 0 2 3 6
14 3 11 7 4 1 6 2 3 0 5
14 7 7 3 4 1 7 0 2 5 6
14 7 7 3 4 1 7 2 5 0 6
14 4 10 7 4 0 5 2 3 6 1
14 8 6 3 4 5 7 2 0 6 1
14 9 5 1 4 6 5 2 3 0 7
14 9 5 1 0 4 5 2 3 6 7
14 10 4 1 4 0 7 2 3 5 6
14 10 4 1 4 5 7 2 0 3 6
14 3 11 7 3 4 1 0 2 5 6
14 3 11 7 3 4 1 2 5 0 6
14 3 11 2 7 4 1 0 3 5 6
14 7 7 1 7 4 5 2 3 0 6
14 4 10 7 5 0 1 2 4 3 6
14 5 9 2 7 5 1 0 4 3 6
14 9 5 1 7 5 3 2 4 0 6
14 9 5 2 3 1 7 0 4 5 6
14 9 5 3 1 7 0 2 4 5 6
14 10 4 3 1 5 7 2 0 4 6
14 11 3 3 1 5 0 2 4 6 7
14 9 5 2 4 5 0 1 3 6 7
14 9 5 2 4 5 7 1 3 0 6
14 8 6 0 4 1 5 2 3 6 7
14 8 6 2 3 1 7 4 0 5 6
14 8 6 2 1 0 7 4 3 5 6
14 9 5 3 0 5 1 2 4 6 7
14 11 3 1 0 5 7 2 3 6 4
14 8 6 3 4 1 7 2 5 6 0
14 9 5 3 0 5 7 2 4 6 1
14 10 4 1 3 4 5 2 0 6 7
14 11 3 1 0 5 7 2 4 3 6
14 4 10 7 3 0 1 2 5 4 6
14 4 10 7 3 4 1 2 5 6 0
14 8 6 1 7 0 5 2 3 4 6
14 8 6 1 7 4 5 2 3 6 0
14 5 9 7 5 3 1 2 4 0 6
14 5 9 7 5 1 0 2 4 3 6
13 7 6 0 5 1 7 2 4 3 6
14 10 4 1 7 5 3 2 4 6 0
14 9 5 2 1 5 7 4 3 0 6
14 10 4 0 3 5 1 2 4 6 7
13 12 1 1 3 5 0 2 4 6 7
