0 0 0 0 3 4 6 1 5 7 2
9 1 8 1 3 4 6 0 5 7 2
9 2 7 1 3 4 6 5 0 7 2
10 3 7 2 3 4 6 1 5 7 0
10 3 7 1 3 4 6 2 5 7 0
11 1 10 3 0 4 6 1 5 7 2
11 2 9 6 3 4 0 1 5 7 2
10 3 7 6 3 4 2 1 5 7 0
11 4 7 1 3 4 0 6 5 7 2
10 5 5 1 3 4 2 6 5 7 0
11 3 8 1 3 4 6 5 7 0 2
11 4 7 2 3 4 0 1 5 7 6
11 4 7 1 3 4 0 2 5 7 6
11 4 7 1 3 4 6 5 7 2 0
12 3 9 5 3 4 6 1 0 7 2
12 3 9 1 0 4 6 5 3 7 2
12 4 8 1 3 4 6 2 5 0 7
12 2 10 3 5 4 6 1 0 7 2
12 2 10 3 4 0 6 1 5 7 2
12 3 9 6 3 0 4 1 5 7 2
12 5 7 1 3 0 4 6 5 7 2
12 5 7 2 3 0 4 1 5 7 6
12 5 7 1 3 0 4 2 5 7 6
12 5 7 1 3 4 0 5 7 2 6
12 5 7 1 3 4 6 2 0 5 7
12 3 9 3 4 6 0 1 5 7 2
11 4 7 3 4 6 2 1 5 7 0
12 4 8 6 0 3 4 1 5 7 2
12 6 6 1 0 3 4 6 5 7 2
12 6 6 2 0 3 4 1 5 7 6
12 6 6 1 0 3 4 2 5 7 6
12 5 7 0 6 3 4 1 5 7 2
11 6 5 1 6 3 4 0 5 7 2
11 7 4 1 6 3 4 5 0 7 2
12 7 5 0 2 3 4 1 5 7 6
11 8 3 1 2 3 4 0 5 7 6
11 9 2 1 2 3 4 5 0 7 6
12 8 4 2 6 3 4 1 5 7 0
12 8 4 1 6 3 4 2 5 7 0
12 8 4 1 0 3 4 5 6 7 2
12 10 2 1 2 3 4 6 5 7 0
13 4 9 2 3 4 6 1 5 0 7
13 4 9 6 3 4 2 1 5 0 7
13 6 7 1 3 4 2 6 5 0 7
13 7 6 1 3 4 2 0 5 7 6
13 7 6 1 3 4 7 2 5 0 6
12 8 4 1 3 4 7 2 5 6 0
13 4 9 1 4 0 6 5 3 7 2
13 5 8 1 3 0 6 2 5 4 7
12 6 6 1 3 6 0 2 5 4 7
11 7 4 1 3 6 7 2 5 4 0
13 3 10 3 4 7 6 1 5 0 2
13 4 9 6 3 7 4 1 5 0 2
13 6 7 1 3 7 4 6 5 0 2
13 6 7 2 3 7 4 1 5 0 6
13 6 7 1 3 7 4 2 5 0 6
12 7 5 1 3 7 4 2 5 6 0
13 6 7 1 3 0 4 5 7 2 6
12 7 5 1 3 2 4 5 7 0 6
12 8 4 1 3 2 4 5 0 7 6
12 8 4 1 3 2 4 5 7 6 0
13 5 8 6 5 3 4 1 0 7 2
13 7 6 1 5 3 4 6 0 7 2
13 7 6 2 5 3 4 1 0 7 6
13 7 6 1 5 3 4 2 0 7 6
13 8 5 1 6 3 4 5 7 0 2
13 10 3 1 2 3 4 5 7 0 6
13 8 5 1 3 4 2 5 0 7 6
13 8 5 1 3 4 7 2 0 5 6
13 5 8 1 4 6 0 5 3 7 2
12 6 6 1 4 6 2 5 3 7 0
13 8 5 1 3 6 7 2 5 0 4
13 4 9 3 4 7 6 1 0 5 2
13 4 9 3 4 7 6 1 5 2 0
13 5 8 6 3 7 4 1 5 2 0
13 7 6 1 3 7 4 6 5 2 0
13 7 6 2 3 7 4 1 5 6 0
13 7 6 1 3 7 4 2 0 5 6
13 8 5 1 3 7 0 2 5 6 4
13 7 6 1 0 3 4 5 7 2 6
13 8 5 1 5 3 4 0 6 7 2
13 8 5 1 5 3 4 0 2 7 6
13 9 4 1 6 3 4 5 7 2 0
13 11 2 1 2 3 4 5 7 6 0
13 9 4 1 3 6 7 2 0 5 4
14 4 10 1 0 4 6 3 5 7 2
14 5 9 2 3 4 6 0 5 7 1
14 5 9 6 3 4 7 1 5 0 2
14 5 9 6 3 4 1 0 5 7 2
14 5 9 6 3 4 2 0 5 7 1
14 6 8 0 3 4 2 1 5 7 6
14 7 7 1 3 4 7 6 5 0 2
14 4 10 1 3 0 6 5 7 4 2
13 5 8 1 3 6 0 5 7 4 2
13 6 7 1 3 6 2 5 7 4 0
14 7 7 2 3 4 1 0 5 7 6
14 4 10 5 3 4 6 0 1 7 2
14 4 10 5 3 4 6 1 7 0 2
14 4 10 0 1 4 6 5 3 7 2
14 3 11 3 5 4 6 0 1 7 2
14 3 11 3 5 4 6 1 7 0 2
14 8 6 1 3 4 2 5 7 0 6
14 6 8 1 3 4 6 0 2 5 7
14 6 8 3 4 6 7 1 5 0 2
14 5 9 3 4 6 2 1 5 0 7
14 7 7 0 1 3 4 6 5 7 2
14 7 7 0 1 3 4 2 5 7 6
13 8 5 2 1 3 4 0 5 7 6
13 9 4 2 1 3 4 5 0 7 6
14 7 7 4 6 3 0 1 5 7 2
13 8 5 4 6 3 2 1 5 7 0
14 8 6 5 6 3 4 1 0 7 2
14 9 5 4 2 3 0 1 5 7 6
14 10 4 5 2 3 4 1 0 7 6
14 10 4 6 2 3 4 1 5 7 0
14 10 4 1 0 3 4 5 2 7 6
14 9 5 0 1 3 4 5 6 7 2
14 9 5 1 3 0 4 5 6 7 2
14 5 9 2 3 4 6 1 0 5 7
14 5 9 6 3 4 2 1 0 5 7
14 7 7 1 3 4 2 6 0 5 7
14 8 6 1 3 0 7 2 5 4 6
14 5 9 1 4 7 6 5 3 0 2
14 5 9 6 3 7 4 1 0 5 2
14 7 7 1 3 7 4 6 0 5 2
14 7 7 2 3 7 4 1 0 5 6
14 9 5 1 3 2 4 0 5 7 6
14 9 5 1 3 0 7 2 5 6 4
14 5 9 3 0 7 6 1 4 5 2
14 5 9 3 4 7 0 1 5 2 6
14 8 6 1 3 7 4 0 2 5 6
14 8 6 1 7 3 4 5 0 2 6
14 10 4 1 5 3 4 2 6 7 0
14 10 4 1 5 3 4 6 2 7 0
14 6 8 2 3 4 6 5 0 7 1
14 6 8 6 3 4 7 1 0 5 2
14 6 8 6 3 4 7 1 5 2 0
14 6 8 6 3 4 1 5 0 7 2
14 6 8 6 3 4 2 5 0 7 1
14 8 6 1 3 4 7 6 0 5 2
14 8 6 1 3 4 7 6 5 2 0
14 5 9 1 0 3 6 5 7 4 2
14 7 7 1 3 6 2 5 7 0 4
14 8 6 2 3 4 1 5 0 7 6
14 5 9 5 3 4 6 1 7 2 0
14 7 7 2 1 4 6 5 3 7 0
14 4 10 3 5 4 6 1 7 2 0
14 9 5 1 3 4 2 5 7 6 0
14 7 7 3 4 6 7 1 0 5 2
14 7 7 3 4 6 7 1 5 2 0
14 10 4 2 1 3 4 6 5 7 0
14 12 2 2 1 3 4 5 6 7 0
14 8 6 1 3 4 2 0 6 5 7
14 6 8 1 4 7 6 5 0 3 2
14 6 8 1 4 7 6 5 3 2 0
14 8 6 1 3 7 4 0 6 5 2
14 6 8 0 3 7 6 1 4 5 2
13 7 6 1 3 7 6 0 4 5 2
13 9 4 1 3 7 6 2 4 5 0
14 9 5 1 7 3 4 5 2 0 6
14 8 6 1 3 6 2 5 0 7 4
14 10 4 1 3 7 0 2 4 5 6
14 10 4 1 7 3 4 5 2 6 0
15 6 9 2 3 0 6 1 5 7 4
15 6 9 1 3 0 6 2 5 7 4
14 7 7 1 3 7 6 2 5 0 4
14 7 7 1 3 6 0 2 5 7 4
14 8 6 1 3 7 6 2 0 5 4
14 8 6 1 3 7 6 2 5 4 0
14 8 6 1 3 6 4 2 5 7 0
15 6 9 6 3 0 2 1 5 7 4
15 6 9 0 3 4 1 6 5 7 2
15 8 7 1 3 0 2 6 5 7 4
15 7 8 2 3 4 7 1 5 0 6
14 8 6 2 3 4 7 1 5 6 0
15 6 9 0 3 4 1 2 5 7 6
15 6 9 1 3 4 6 0 7 2 5
15 4 11 5 0 4 6 1 3 7 2
15 6 9 1 0 4 6 2 3 5 7
15 5 10 0 4 6 3 1 5 7 2
14 6 8 1 4 6 3 0 5 7 2
14 7 7 1 4 6 3 5 0 7 2
15 6 9 3 4 6 1 0 5 7 2
15 6 9 3 4 6 2 0 5 7 1
15 7 8 3 4 0 2 1 5 7 6
15 9 6 2 6 3 0 1 5 7 4
15 9 6 2 6 3 4 1 5 0 7
15 9 6 1 6 3 0 2 5 7 4
15 9 6 1 6 3 4 2 5 0 7
15 11 4 1 2 3 0 6 5 7 4
15 11 4 1 2 3 4 6 5 0 7
15 5 10 2 3 0 6 1 5 4 7
14 6 8 2 3 6 0 1 5 4 7
13 7 6 2 3 6 7 1 5 4 0
15 9 6 1 3 4 0 2 5 6 7
15 6 9 1 0 3 6 2 5 4 7
14 7 7 1 5 3 6 2 0 4 7
14 8 6 1 5 3 6 2 4 0 7
15 9 6 1 3 6 7 0 5 4 2
15 9 6 1 0 2 4 5 3 7 6
15 9 6 1 3 2 0 5 7 6 4
15 6 9 6 5 3 4 0 1 7 2
15 6 9 6 5 3 4 1 7 0 2
15 8 7 1 5 3 4 6 7 0 2
15 8 7 2 5 3 4 0 1 7 6
15 8 7 2 5 3 4 1 7 0 6
15 8 7 1 5 3 4 2 7 0 6
15 9 6 1 3 4 7 0 2 5 6
15 8 7 1 4 6 7 5 3 0 2
15 7 8 1 4 6 2 5 3 0 7
15 5 10 3 4 7 6 0 1 5 2
15 6 9 6 3 7 0 1 5 2 4
15 8 7 1 3 7 0 6 5 2 4
15 8 7 2 3 7 0 1 5 6 4
15 8 7 0 1 3 4 5 7 2 6
15 10 5 1 3 6 7 0 2 5 4
15 5 10 1 5 4 6 3 0 7 2
15 5 10 1 4 0 6 3 5 7 2
15 6 9 6 3 0 7 1 5 4 2
15 7 8 6 3 4 1 2 5 7 0
15 6 9 0 3 4 2 6 5 7 1
15 7 8 3 0 4 2 1 5 7 6
15 8 7 1 3 0 7 6 5 4 2
15 8 7 1 3 6 4 5 7 0 2
15 8 7 1 3 6 5 0 7 4 2
15 9 6 2 3 4 1 6 5 7 0
15 5 10 0 3 4 6 5 1 7 2
15 6 9 5 3 4 6 2 1 7 0
15 5 10 5 3 0 6 1 7 4 2
14 6 8 5 3 6 0 1 7 4 2
15 5 10 5 1 4 6 0 3 7 2
15 6 9 6 1 4 0 5 3 7 2
14 7 7 6 1 4 2 5 3 7 0
15 7 8 3 1 4 6 5 0 7 2
15 5 10 3 5 4 6 2 1 7 0
15 4 11 3 5 0 6 1 7 4 2
14 5 9 3 5 6 0 1 7 4 2
15 8 7 1 3 4 6 7 2 5 0
15 7 8 3 4 0 7 1 5 6 2
15 6 9 3 4 0 2 1 5 6 7
15 6 9 3 4 6 2 1 0 5 7
15 8 7 6 1 3 4 0 5 7 2
15 10 5 2 1 3 4 5 7 0 6
15 9 6 5 0 3 4 1 6 7 2
15 10 5 4 2 3 6 1 5 7 0
15 10 5 5 1 3 4 0 6 7 2
15 10 5 1 3 7 4 5 6 0 2
15 10 5 1 3 4 0 5 6 7 2
14 11 3 1 3 4 2 5 6 7 0
15 9 6 1 3 7 0 2 5 4 6
15 11 4 1 3 2 4 6 5 7 0
15 6 9 3 7 0 6 1 4 5 2
14 7 7 3 7 5 6 1 4 0 2
14 7 7 3 7 6 0 1 4 5 2
14 8 6 3 7 5 6 1 4 2 0
15 6 9 3 4 0 7 1 5 2 6
15 10 5 1 3 7 4 6 2 5 0
15 9 6 1 3 4 7 0 6 5 2
15 6 9 1 7 3 6 5 0 4 2
15 8 7 1 3 0 2 5 7 6 4
15 6 9 5 3 4 0 1 7 2 6
15 8 7 2 1 4 0 5 3 7 6
15 5 10 3 5 4 0 1 7 2 6
15 8 7 3 0 6 7 1 4 5 2
15 10 5 1 3 4 2 7 6 5 0
15 7 8 1 4 7 0 5 3 2 6
15 10 5 1 3 7 4 2 6 5 0
15 8 7 6 3 7 0 1 4 5 2
15 9 6 2 3 7 6 1 4 5 0
15 8 7 1 3 7 6 4 0 5 2
15 10 5 1 3 7 0 6 4 5 2
15 11 4 1 3 0 7 2 4 5 6
14 12 2 1 3 5 7 2 4 0 6
