0 0 0 7 4 6 2 0 1 5 3
14 3 11 7 4 6 0 2 1 5 3
13 5 8 0 4 6 7 2 1 5 3
14 4 10 7 4 6 3 2 1 5 0
14 8 6 1 4 6 7 2 0 5 3
14 8 6 3 4 6 7 2 1 5 0
14 9 5 1 0 6 7 2 4 5 3
15 1 14 0 4 6 2 7 1 5 3
15 1 14 7 4 6 2 1 0 5 3
15 6 9 2 4 6 7 0 1 5 3
15 6 9 4 0 6 7 2 1 5 3
15 7 8 0 4 6 3 2 1 5 7
15 2 13 7 0 6 2 1 4 5 3
15 2 13 7 4 6 2 1 5 0 3
15 7 8 2 4 6 7 1 0 5 3
15 7 8 4 1 6 7 2 0 5 3
15 3 12 0 7 6 2 1 4 5 3
14 5 9 2 7 6 0 1 4 5 3
14 6 8 2 7 6 3 1 4 5 0
15 3 12 7 4 0 2 1 5 6 3
15 3 12 7 4 6 2 1 5 3 0
15 8 7 2 0 6 7 1 4 5 3
15 4 11 1 7 6 2 0 4 5 3
14 7 7 1 7 6 0 2 4 5 3
14 8 6 1 7 6 3 2 4 5 0
15 4 11 7 0 4 2 1 5 6 3
15 4 11 7 4 2 0 1 5 6 3
15 5 10 0 7 4 2 1 5 6 3
15 5 10 7 4 2 3 1 5 6 0
15 6 9 1 7 4 2 0 5 6 3
15 7 8 1 7 4 2 5 0 6 3
15 8 7 1 0 4 2 5 7 6 3
15 8 7 1 7 4 2 5 6 0 3
15 9 6 1 7 4 2 5 6 3 0
16 2 14 7 4 6 2 3 1 5 0
16 4 12 7 4 0 6 2 1 5 3
16 5 11 7 4 6 3 2 1 0 5
16 9 7 1 4 6 7 0 2 5 3
16 9 7 1 4 6 7 2 5 0 3
16 9 7 3 4 6 0 2 1 5 7
16 9 7 3 4 6 7 2 1 0 5
16 10 6 0 1 6 7 2 4 5 3
16 10 6 1 6 0 7 2 4 5 3
16 3 13 2 4 6 0 7 1 5 3
16 4 12 1 4 6 2 7 0 5 3
16 8 8 2 4 6 7 3 1 5 0
16 10 6 1 4 6 3 2 0 5 7
16 6 10 3 7 6 2 1 4 5 0
16 6 10 2 7 0 6 1 4 5 3
16 7 9 2 7 6 3 1 4 0 5
16 6 10 0 4 6 2 1 5 3 7
16 6 10 1 7 6 2 3 4 5 0
16 8 8 1 7 0 6 2 4 5 3
16 9 7 1 7 6 3 2 4 0 5
16 6 10 0 4 2 7 1 5 6 3
16 7 9 2 7 4 0 1 5 6 3
16 8 8 0 4 2 3 1 5 6 7
16 3 13 7 4 6 0 3 1 5 2
15 5 10 0 4 6 7 3 1 5 2
15 6 9 3 4 6 7 0 1 5 2
15 7 8 3 4 6 7 1 0 5 2
15 8 7 3 0 6 7 1 4 5 2
15 9 6 0 3 6 7 1 4 5 2
15 10 5 1 3 6 7 0 4 5 2
14 12 2 1 3 6 7 2 4 5 0
16 5 11 7 4 5 6 2 1 0 3
16 6 10 7 4 0 3 2 1 6 5
16 10 6 1 4 0 7 2 5 6 3
16 10 6 1 4 6 7 2 5 3 0
16 10 6 3 4 0 7 2 1 6 5
16 11 5 1 6 5 7 2 4 0 3
16 4 12 2 4 6 3 7 1 5 0
15 6 9 2 4 6 3 0 1 5 7
15 7 8 2 4 6 3 1 0 5 7
15 8 7 2 0 6 3 1 4 5 7
16 5 11 1 4 6 2 0 7 5 3
16 5 11 1 4 6 2 7 5 0 3
16 11 5 1 0 6 3 2 4 5 7
16 7 9 3 7 6 0 1 4 5 2
16 7 9 2 7 5 6 1 4 0 3
16 7 9 2 0 7 6 1 4 5 3
16 8 8 2 7 0 3 1 4 6 5
16 7 9 1 4 6 2 0 5 3 7
16 7 9 1 7 6 0 3 4 5 2
16 9 7 1 7 5 6 2 4 0 3
16 9 7 1 0 7 6 2 4 5 3
16 10 6 1 7 0 3 2 4 6 5
16 7 9 1 4 2 7 0 5 6 3
16 8 8 2 7 4 3 1 5 6 0
16 8 8 2 7 0 4 1 5 6 3
16 9 7 1 4 2 3 0 5 6 7
16 8 8 1 4 6 7 3 0 5 2
16 12 4 2 3 6 7 1 4 5 0
16 13 3 1 3 6 0 2 4 5 7
16 13 3 1 3 6 7 2 4 0 5
16 6 10 7 4 5 6 2 1 3 0
16 7 9 7 4 3 0 2 1 6 5
15 9 6 0 4 3 7 2 1 6 5
16 12 4 1 6 5 7 2 4 3 0
16 6 10 1 4 0 2 7 5 6 3
16 6 10 1 4 6 2 7 5 3 0
16 8 8 2 7 5 6 1 4 3 0
16 9 7 2 0 7 3 1 4 6 5
16 9 7 2 7 3 0 1 4 6 5
16 8 8 1 4 6 2 5 0 3 7
16 10 6 1 7 5 6 2 4 3 0
16 11 5 1 0 7 3 2 4 6 5
16 11 5 1 7 3 0 2 4 6 5
16 8 8 1 4 2 7 5 0 6 3
16 9 7 2 0 7 4 1 5 6 3
16 10 6 1 4 2 3 5 0 6 7
16 9 7 1 0 6 7 3 4 5 2
16 9 7 1 4 6 7 0 3 5 2
15 11 4 1 4 6 7 2 3 5 0
16 14 2 1 3 0 7 2 4 6 5
16 7 9 7 4 5 0 2 1 3 6
15 9 6 0 4 5 7 2 1 3 6
16 8 8 7 4 3 5 2 1 6 0
16 12 4 1 4 3 7 2 0 6 5
16 7 9 1 0 4 2 7 5 6 3
16 7 9 1 4 2 0 7 5 6 3
16 9 7 2 7 5 0 1 4 3 6
16 10 6 2 7 3 5 1 4 6 0
16 11 5 1 7 5 0 2 4 3 6
16 12 4 1 7 3 5 2 4 6 0
16 9 7 1 4 2 7 5 6 0 3
16 10 6 0 2 7 4 1 5 6 3
16 11 5 1 4 2 3 5 6 0 7
16 12 4 1 4 5 7 2 0 3 6
16 13 3 1 0 3 7 2 4 6 5
16 8 8 1 4 2 3 7 5 6 0
16 10 6 1 4 2 7 5 6 3 0
16 11 5 1 2 7 4 0 5 6 3
16 12 4 1 4 2 3 5 6 7 0
16 13 3 1 0 5 7 2 4 3 6
16 13 3 1 4 5 7 2 3 0 6
16 11 5 1 4 2 0 5 6 3 7
16 12 4 1 2 7 4 5 0 6 3
16 14 2 1 4 5 7 2 3 6 0
16 13 3 1 2 7 4 5 6 0 3
16 14 2 1 2 0 4 5 6 7 3
16 14 2 1 2 7 4 5 6 3 0
17 6 11 7 4 6 5 2 1 0 3
17 7 10 7 4 0 3 2 1 5 6
17 11 6 3 4 0 7 2 1 5 6
17 2 15 4 0 6 2 7 1 5 3
17 7 10 4 6 0 7 2 1 5 3
17 8 9 4 0 6 3 2 1 5 7
17 3 14 7 6 0 2 1 4 5 3
17 8 9 2 4 6 7 1 5 0 3
17 8 9 4 1 6 7 0 2 5 3
17 8 9 4 1 6 7 2 5 0 3
17 8 9 2 7 6 5 1 4 0 3
17 9 8 2 7 0 3 1 4 5 6
17 4 13 7 4 6 0 1 5 3 2
16 6 10 0 4 6 7 1 5 3 2
16 7 9 1 4 6 7 0 5 3 2
15 9 6 1 4 6 7 2 5 3 0
17 9 8 0 2 6 7 1 4 5 3
17 9 8 2 6 0 7 1 4 5 3
17 5 12 1 7 6 2 4 0 5 3
17 10 7 1 7 6 5 2 4 0 3
17 11 6 1 7 0 3 2 4 5 6
17 5 12 7 5 4 2 1 0 6 3
17 6 11 7 4 2 3 1 5 0 6
17 9 8 0 1 4 2 5 7 6 3
17 9 8 1 4 0 2 5 7 6 3
17 9 8 1 7 0 2 5 6 4 3
17 10 7 1 7 4 0 5 6 3 2
17 5 12 0 4 6 2 3 1 5 7
16 7 9 2 4 6 0 3 1 5 7
17 11 6 1 4 6 7 3 2 5 0
17 13 4 3 1 6 7 2 4 5 0
17 8 9 2 4 6 0 1 5 3 7
17 9 8 3 4 2 7 1 5 6 0
17 6 11 4 0 6 7 3 1 5 2
17 8 9 3 4 6 7 1 5 0 2
17 9 8 3 6 0 7 1 4 5 2
17 11 6 1 3 6 7 4 0 5 2
17 15 2 1 3 0 7 2 4 5 6
17 8 9 2 4 6 3 1 5 0 7
17 9 8 0 2 6 3 1 4 5 7
17 9 8 2 6 0 3 1 4 5 7
17 8 9 1 4 6 0 2 7 5 3
17 10 7 1 4 6 0 2 5 3 7
17 9 8 1 4 2 7 3 5 6 0
17 9 8 0 4 5 6 2 1 3 7
17 10 7 2 4 3 7 0 1 6 5
17 10 7 4 0 3 7 2 1 6 5
17 12 5 1 4 6 0 2 3 5 7
17 12 5 1 4 6 7 2 3 0 5
17 10 7 2 4 5 7 0 1 3 6
17 10 7 4 0 5 7 2 1 3 6
17 11 6 0 4 3 5 2 1 6 7
17 7 10 7 4 0 5 2 1 6 3
17 7 10 7 4 6 5 2 1 3 0
17 8 9 7 4 5 3 2 1 0 6
17 8 9 7 4 3 0 2 1 5 6
16 10 6 0 4 3 7 2 1 5 6
17 12 5 3 4 5 7 2 1 0 6
17 3 14 4 1 6 2 7 0 5 3
17 3 14 4 6 0 2 7 1 5 3
17 8 9 4 6 5 7 2 1 0 3
17 9 8 4 1 6 3 2 0 5 7
17 4 13 7 6 5 2 1 4 0 3
17 4 13 7 6 2 0 1 4 5 3
16 6 10 0 6 2 7 1 4 5 3
16 7 9 1 6 2 7 0 4 5 3
17 9 8 2 4 0 7 1 5 6 3
17 9 8 2 4 6 7 1 5 3 0
17 9 8 0 1 6 7 4 2 5 3
17 9 8 4 1 0 7 2 5 6 3
17 9 8 4 1 6 7 2 5 3 0
17 9 8 2 7 0 5 1 4 6 3
17 9 8 2 7 6 5 1 4 3 0
17 10 7 2 7 5 3 1 4 0 6
17 10 7 2 0 7 3 1 4 5 6
17 10 7 2 7 3 0 1 4 5 6
17 10 7 1 2 6 7 0 4 5 3
17 10 7 2 6 5 7 1 4 0 3
17 11 6 1 7 0 5 2 4 6 3
17 11 6 1 7 6 5 2 4 3 0
17 12 5 1 7 5 3 2 4 0 6
17 12 5 1 0 7 3 2 4 5 6
17 12 5 1 7 3 0 2 4 5 6
17 6 11 7 5 4 2 1 6 0 3
17 10 7 1 4 2 0 5 7 6 3
17 10 7 1 0 7 2 5 6 4 3
17 10 7 1 7 2 0 5 6 4 3
17 11 6 1 7 0 4 5 6 3 2
17 6 11 3 4 6 2 0 1 5 7
17 7 10 4 1 6 7 3 0 5 2
17 9 8 3 4 0 7 1 5 6 2
17 9 8 3 4 6 7 1 5 2 0
17 10 7 3 6 5 7 1 4 0 2
17 16 1 1 3 5 7 2 4 0 6
17 9 8 2 4 0 3 1 5 6 7
17 9 8 2 4 6 3 1 5 7 0
17 10 7 1 2 6 3 0 4 5 7
17 10 7 2 6 5 3 1 4 0 7
17 10 7 2 6 3 0 1 4 5 7
17 9 8 1 4 6 3 2 7 5 0
17 11 6 2 4 3 7 1 0 6 5
17 11 6 4 1 3 7 2 0 6 5
17 11 6 4 3 0 7 2 1 6 5
17 13 4 1 4 0 7 2 3 6 5
17 11 6 2 4 5 7 1 0 3 6
17 11 6 4 1 5 7 2 0 3 6
17 8 9 7 4 5 0 2 1 6 3
16 10 6 0 4 5 7 2 1 6 3
17 9 8 7 4 5 3 2 1 6 0
17 13 4 1 4 3 7 2 0 5 6
17 13 4 3 4 5 7 2 1 6 0
17 4 13 4 1 6 2 0 7 5 3
17 4 13 4 1 6 2 7 5 0 3
17 4 13 4 6 2 0 7 1 5 3
16 6 10 0 6 2 4 7 1 5 3
17 9 8 4 6 5 7 2 1 3 0
17 5 12 7 6 5 2 1 4 3 0
17 5 12 7 6 2 3 1 4 5 0
17 9 8 3 6 2 7 1 4 5 0
17 9 8 1 6 2 7 3 4 5 0
17 10 7 1 0 6 7 4 2 5 3
17 10 7 2 0 7 5 1 4 6 3
17 10 7 2 7 5 0 1 4 6 3
17 11 6 2 7 5 3 1 4 6 0
17 11 6 2 6 5 7 1 4 3 0
17 12 5 1 0 7 5 2 4 6 3
17 12 5 1 7 5 0 2 4 6 3
17 13 4 1 7 5 3 2 4 6 0
17 7 10 7 5 4 2 1 6 3 0
17 11 6 1 4 2 3 5 7 6 0
17 11 6 1 7 2 3 5 6 4 0
17 12 5 1 7 3 4 5 6 0 2
17 12 5 1 0 7 4 5 6 3 2
17 7 10 3 4 6 2 1 0 5 7
17 8 9 4 1 6 7 0 3 5 2
16 10 6 4 1 6 7 2 3 5 0
17 11 6 3 6 5 7 1 4 2 0
