0 0 0 7 5 2 6 4 3 0 1
11 1 10 7 5 2 6 4 3 1 0
12 1 11 7 5 0 6 4 3 2 1
11 2 9 7 5 6 0 4 3 2 1
10 3 7 7 5 6 1 4 3 2 0
12 2 10 7 5 2 0 4 3 1 6
12 2 10 7 0 5 6 4 3 2 1
11 3 8 7 3 5 6 4 0 2 1
11 4 7 7 3 5 6 0 4 2 1
11 6 5 7 3 5 6 1 4 2 0
12 4 8 7 5 6 1 4 3 0 2
12 4 8 7 3 5 6 4 2 0 1
12 7 5 7 3 5 0 1 4 2 6
12 5 7 7 3 5 6 4 2 1 0
13 1 12 7 5 2 6 4 0 3 1
13 4 9 0 5 6 7 4 3 2 1
12 7 5 1 5 6 7 4 3 2 0
13 5 8 7 5 6 1 0 3 2 4
13 3 10 0 7 5 6 4 3 2 1
12 6 6 1 7 5 6 4 3 2 0
13 7 6 7 3 5 0 6 4 2 1
12 8 4 7 3 5 1 6 4 2 0
13 7 6 7 3 5 6 1 4 0 2
13 5 8 7 5 0 1 4 3 6 2
13 6 7 7 3 5 0 4 2 1 6
13 2 11 7 5 2 6 0 4 3 1
13 7 6 1 7 5 0 4 3 2 6
13 6 7 7 0 5 1 4 3 6 2
12 7 5 7 3 5 1 4 0 6 2
12 8 4 7 3 5 1 0 4 6 2
12 10 2 7 3 5 1 2 4 6 0
13 6 7 7 5 1 0 4 3 6 2
13 4 9 7 5 2 6 1 4 3 0
14 3 11 7 5 2 6 0 3 1 4
14 3 11 7 5 0 2 4 3 1 6
13 4 9 7 5 1 2 4 3 0 6
12 5 7 7 5 1 2 4 3 6 0
14 4 10 0 5 2 7 4 3 1 6
14 5 9 7 5 2 1 4 3 0 6
13 6 7 7 5 2 1 4 3 6 0
14 5 9 0 3 5 6 7 4 2 1
13 8 5 1 3 5 6 7 4 2 0
14 5 9 7 5 6 1 4 0 3 2
14 9 5 0 3 5 7 1 4 2 6
13 10 3 1 3 5 7 0 4 2 6
14 5 9 4 5 6 7 0 3 2 1
14 5 9 5 0 6 7 4 3 2 1
13 6 7 5 3 6 7 4 0 2 1
13 7 6 5 3 6 7 0 4 2 1
13 9 4 5 3 6 7 1 4 2 0
14 8 6 1 5 6 7 4 3 0 2
14 4 10 4 7 5 6 0 3 2 1
14 5 9 6 7 5 0 4 3 2 1
13 6 7 6 7 5 1 4 3 2 0
14 7 7 1 7 5 6 4 3 0 2
14 9 5 7 3 5 1 6 4 0 2
14 7 7 0 7 5 1 4 3 6 2
14 8 6 7 3 5 1 4 6 0 2
14 5 9 7 5 2 0 1 4 3 6
14 4 10 7 0 5 2 4 3 1 6
13 5 8 7 3 5 2 4 0 1 6
13 6 7 7 3 5 2 0 4 1 6
14 9 5 1 3 5 0 7 4 2 6
14 6 8 7 5 6 1 0 4 3 2
14 12 2 1 3 5 7 6 4 2 0
14 7 7 4 5 6 7 1 3 2 0
14 7 7 5 3 6 7 4 2 0 1
14 6 8 4 7 5 6 1 3 2 0
14 9 5 1 7 5 0 4 3 6 2
14 9 5 7 3 5 1 4 6 2 0
14 6 8 7 3 5 2 4 1 0 6
13 7 6 7 3 5 2 4 1 6 0
14 8 6 7 3 5 2 6 4 1 0
14 9 5 7 3 5 0 2 4 1 6
14 8 6 7 5 6 1 2 4 3 0
14 8 6 5 3 6 7 4 2 1 0
14 8 6 7 3 5 0 4 1 6 2
15 4 11 7 5 0 6 4 3 1 2
14 5 9 7 5 1 6 4 3 0 2
14 5 9 7 5 6 0 4 3 1 2
14 6 8 7 5 1 6 4 3 2 0
15 5 10 7 5 6 2 4 3 0 1
15 5 10 7 5 6 4 0 3 2 1
15 6 9 0 5 6 1 4 3 2 7
15 6 9 7 5 0 1 4 3 2 6
15 5 10 7 3 0 6 4 2 5 1
14 6 8 7 3 6 0 4 2 5 1
13 7 6 7 3 6 1 4 2 5 0
15 8 7 7 3 0 5 1 4 2 6
15 10 5 7 3 5 1 0 4 2 6
15 7 8 7 3 5 6 0 2 1 4
15 2 13 7 0 2 6 4 5 3 1
15 7 8 3 5 6 7 4 0 2 1
15 8 7 1 5 6 0 4 3 2 7
15 9 6 1 5 6 7 0 3 2 4
15 6 9 7 5 6 1 3 0 2 4
15 6 9 3 7 5 6 4 0 2 1
15 8 7 1 7 5 6 0 3 2 4
15 9 6 0 3 5 7 6 4 2 1
15 8 7 7 3 5 6 1 0 4 2
15 8 7 0 3 5 7 4 2 1 6
15 9 6 7 3 5 1 4 2 0 6
14 10 4 7 3 5 1 4 2 6 0
15 5 10 7 5 2 0 6 4 3 1
14 6 8 7 5 2 1 6 4 3 0
15 9 6 0 3 5 1 7 4 6 2
15 11 4 7 3 5 0 1 4 6 2
15 11 4 7 3 5 0 2 4 6 1
15 11 4 7 3 5 1 2 4 0 6
15 8 7 0 5 1 7 4 3 6 2
15 5 10 7 5 2 6 1 4 0 3
15 5 10 7 5 1 2 4 0 3 6
15 7 8 7 5 1 2 0 3 6 4
15 5 10 4 5 2 7 0 3 1 6
15 5 10 5 0 2 7 4 3 1 6
14 6 8 5 3 2 7 4 0 1 6
14 7 7 5 3 2 7 0 4 1 6
15 7 8 6 3 5 0 7 4 2 1
14 8 6 6 3 5 1 7 4 2 0
15 9 6 1 3 5 6 7 4 0 2
15 10 5 1 3 5 6 0 4 2 7
15 11 4 1 3 5 7 4 0 2 6
15 10 5 5 3 6 7 1 4 0 2
15 9 6 1 5 0 7 4 3 6 2
15 7 8 6 7 5 1 4 3 0 2
15 8 7 4 7 5 1 0 3 6 2
15 10 5 2 7 5 1 4 3 6 0
15 5 10 0 7 5 2 4 3 1 6
15 8 7 5 3 0 7 4 2 6 1
15 7 8 4 7 5 0 1 3 2 6
15 10 5 1 7 5 2 4 3 6 0
15 9 6 7 3 5 0 6 4 1 2
15 10 5 7 3 5 6 2 4 1 0
15 5 10 7 0 5 6 4 3 1 2
14 6 8 7 3 5 6 4 0 1 2
14 7 7 7 3 5 6 0 4 1 2
14 9 5 7 3 5 6 2 4 1 0
15 6 9 7 5 6 2 4 3 1 0
15 7 8 7 5 1 0 4 3 2 6
15 7 8 7 5 6 4 1 3 2 0
15 7 8 7 0 5 1 4 3 2 6
14 8 6 7 3 5 1 4 0 2 6
14 9 5 7 3 5 1 0 4 2 6
15 8 7 7 3 5 6 2 0 1 4
15 3 12 7 2 0 6 4 5 3 1
14 4 10 7 2 3 6 4 5 0 1
14 5 9 7 2 3 6 4 5 1 0
15 8 7 3 5 6 7 0 4 2 1
15 7 8 3 7 5 6 0 4 2 1
15 11 4 1 3 5 0 7 4 6 2
15 6 9 7 5 1 2 0 4 3 6
15 7 8 5 3 2 7 4 1 0 6
14 8 6 5 3 2 7 4 1 6 0
15 9 6 5 3 2 7 6 4 1 0
15 10 5 1 0 5 7 4 3 6 2
14 11 3 1 3 5 7 4 0 6 2
14 12 2 1 3 5 7 0 4 6 2
