0 0 0 5 1 0 3 4 6 2 7
9 1 8 5 1 2 3 4 6 0 7
8 2 6 5 1 2 3 4 6 7 0
9 1 8 5 1 3 0 4 6 2 7
8 2 6 5 1 3 7 4 6 2 0
10 1 9 5 0 1 3 4 6 2 7
10 2 8 5 1 2 3 4 0 6 7
10 4 6 5 1 2 3 0 6 7 4
10 4 6 5 1 3 4 0 6 2 7
10 3 7 5 1 3 7 4 6 0 2
10 3 7 5 1 2 3 0 4 6 7
10 4 6 5 1 3 7 4 0 6 2
10 5 5 5 1 3 7 0 4 6 2
10 7 3 5 1 3 7 2 4 6 0
11 3 8 5 1 2 0 4 6 7 3
11 4 7 5 1 3 2 4 6 0 7
10 5 5 5 1 3 2 4 6 7 0
11 4 7 5 1 3 7 0 6 2 4
11 2 9 5 6 1 3 4 0 2 7
11 2 9 0 5 1 3 4 6 2 7
11 5 6 0 1 2 3 5 6 7 4
11 5 6 0 1 3 4 5 6 2 7
11 6 5 5 1 3 4 7 6 2 0
11 3 8 5 6 1 3 0 4 2 7
11 6 5 1 0 2 3 5 6 7 4
11 6 5 1 0 3 4 5 6 2 7
11 7 4 1 2 0 3 5 6 7 4
10 8 2 1 2 3 0 5 6 7 4
