0 0 0 7 5 3 0 1 4 2 6
0 0 7 7 5 3 6 1 4 2 0
0 0 7 0 5 3 7 1 4 2 6
0 0 5 1 5 3 7 0 4 2 6
0 0 4 1 5 3 7 6 4 2 0
0 0 5 1 5 3 7 6 4 0 2
0 0 6 6 5 3 7 1 4 2 0
0 0 6 1 5 3 7 4 0 2 6
0 0 6 1 5 3 0 6 4 2 7
0 0 6 1 5 3 7 6 0 4 2
0 0 6 1 5 3 7 4 2 0 6
0 0 4 1 5 3 7 4 2 6 0
0 0 5 1 5 3 7 0 2 6 4
0 0 4 1 5 3 7 2 0 6 4
0 0 5 1 5 3 7 2 6 0 4
0 0 4 1 5 3 7 2 6 4 0
0 0 6 1 5 3 7 0 6 4 2
0 0 6 1 5 3 0 4 2 6 7
0 0 6 1 0 3 7 2 5 6 4
0 0 5 1 3 0 7 2 5 6 4
0 0 5 1 3 6 7 2 5 0 4
0 0 4 1 3 6 7 2 0 5 4
0 0 4 1 3 6 7 2 5 4 0
0 0 5 1 3 7 0 2 5 6 4
0 0 5 1 3 6 7 0 2 5 4
0 0 4 1 3 6 7 4 2 5 0
0 0 5 1 3 7 4 2 5 6 0
0 0 6 1 5 3 0 2 6 4 7
0 0 6 1 5 3 4 0 2 6 7
0 0 5 1 5 3 4 7 2 6 0
0 0 5 1 0 3 4 5 2 6 7
0 0 3 1 2 3 4 5 0 6 7
0 0 2 1 2 3 4 5 6 0 7
