0 0 0 5 6 4 2 7 1 0 3
11 1 10 5 6 4 2 7 1 3 0
12 3 9 5 6 4 2 0 1 3 7
12 4 8 0 6 4 2 5 1 3 7
12 4 8 5 6 4 2 1 0 3 7
12 5 7 5 0 4 2 1 6 3 7
13 1 12 5 6 0 2 7 1 4 3
13 1 12 5 6 4 2 7 0 1 3
13 2 11 5 6 4 0 7 1 3 2
13 6 7 2 6 4 0 5 1 3 7
13 7 6 1 6 4 2 5 0 3 7
13 2 11 5 6 2 0 7 1 4 3
13 2 11 5 0 4 2 7 6 1 3
13 2 11 5 6 4 2 0 7 1 3
13 3 10 5 6 0 4 7 1 3 2
13 7 6 2 6 0 4 5 1 3 7
13 8 5 1 0 4 2 5 6 3 7
13 3 10 5 6 2 3 7 1 4 0
13 3 10 0 6 4 2 5 7 1 3
13 4 9 5 6 3 4 7 1 0 2
13 8 5 2 6 3 4 5 1 0 7
13 4 9 5 6 2 3 7 1 0 4
13 5 8 5 6 3 4 7 1 2 0
13 9 4 2 6 3 4 5 1 7 0
14 4 10 5 6 0 2 7 1 3 4
14 5 9 6 0 4 2 5 1 3 7
14 5 9 5 6 4 2 1 3 0 7
14 6 8 0 5 4 2 1 6 3 7
14 6 8 5 4 0 2 1 6 3 7
14 5 9 5 6 2 4 7 1 0 3
14 5 9 5 6 2 3 0 1 4 7
14 5 9 2 6 4 0 5 7 1 3
14 7 7 5 6 3 4 0 1 2 7
14 5 9 5 6 3 2 7 1 0 4
14 5 9 5 6 2 0 7 1 3 4
14 6 8 6 1 4 2 5 0 3 7
14 6 8 5 6 4 2 1 3 7 0
14 7 7 1 5 4 2 0 6 3 7
14 7 7 5 4 3 2 1 6 0 7
14 7 7 5 4 2 0 1 6 3 7
14 6 8 5 6 2 4 7 1 3 0
14 6 8 0 6 2 3 5 1 4 7
14 6 8 5 6 2 3 1 0 4 7
14 6 8 2 6 4 3 5 7 1 0
14 6 8 2 6 0 4 5 7 1 3
14 8 6 0 6 3 4 5 1 2 7
14 8 6 5 6 3 4 1 0 2 7
14 8 6 5 4 3 2 1 6 7 0
14 7 7 5 0 2 3 1 6 4 7
14 7 7 2 6 1 4 5 7 0 3
14 9 5 5 0 3 4 1 6 2 7
14 9 5 5 6 3 4 1 2 0 7
14 8 6 5 2 0 3 1 6 4 7
14 8 6 2 6 1 4 5 0 7 3
14 8 6 2 6 1 4 5 7 3 0
14 10 4 5 6 3 4 1 2 7 0
14 9 5 5 2 4 3 1 6 0 7
14 9 5 5 2 3 0 1 6 4 7
14 9 5 2 0 1 4 5 6 7 3
14 10 4 5 2 4 3 1 6 7 0
14 10 4 0 2 1 4 5 6 7 3
14 10 4 2 1 0 4 5 6 7 3
15 6 9 5 0 4 2 6 1 3 7
15 6 9 5 6 4 0 2 1 3 7
15 2 13 5 0 6 2 7 1 4 3
15 7 8 2 6 4 7 5 1 3 0
15 8 7 1 6 4 2 0 5 3 7
15 8 7 1 6 4 2 5 3 0 7
15 3 12 0 5 4 2 7 6 1 3
15 3 12 5 4 0 2 7 6 1 3
15 4 11 5 0 6 4 7 1 3 2
15 8 7 2 0 6 4 5 1 3 7
15 9 6 0 1 4 2 5 6 3 7
15 9 6 1 4 0 2 5 6 3 7
15 4 11 6 0 4 2 5 7 1 3
15 5 10 5 6 3 4 7 0 1 2
15 9 6 2 6 3 4 5 0 1 7
15 5 10 5 6 0 3 7 1 2 4
15 5 10 5 6 2 3 7 0 1 4
15 6 9 5 6 3 0 7 1 2 4
15 10 5 2 6 3 0 5 1 7 4
15 8 7 2 5 4 0 1 6 3 7
15 8 7 5 6 2 4 0 1 3 7
15 9 6 1 6 2 3 5 0 4 7
15 11 4 1 6 3 4 5 0 2 7
15 12 3 5 2 3 4 1 6 0 7
15 7 8 5 1 4 2 6 0 3 7
15 7 8 5 6 0 4 2 1 3 7
15 3 12 5 1 6 2 7 0 4 3
15 9 6 1 6 4 2 5 3 7 0
15 4 11 5 4 1 2 7 6 0 3
15 4 11 5 4 2 0 7 6 1 3
15 5 10 5 1 6 4 7 0 3 2
15 9 6 2 1 6 4 5 0 3 7
15 9 6 0 2 6 4 5 1 3 7
15 10 5 1 4 3 2 5 6 0 7
15 10 5 1 4 2 0 5 6 3 7
15 6 9 5 0 3 4 7 6 1 2
15 6 9 5 6 3 4 0 7 1 2
15 10 5 2 0 3 4 5 6 1 7
15 6 9 5 0 2 3 7 6 1 4
15 6 9 5 6 2 3 0 7 1 4
15 9 6 2 5 0 4 1 6 3 7
15 9 6 0 6 2 4 5 1 3 7
15 9 6 5 6 2 4 1 0 3 7
15 10 5 1 0 2 3 5 6 4 7
15 12 3 1 0 3 4 5 6 2 7
15 12 3 1 6 3 4 5 2 0 7
15 13 2 5 2 3 4 1 6 7 0
15 8 7 5 1 4 2 0 6 3 7
15 8 7 5 6 3 4 2 1 0 7
15 4 11 5 1 6 2 0 7 4 3
15 5 10 5 4 1 2 7 6 3 0
15 5 10 5 4 2 3 7 6 1 0
15 6 9 5 1 6 4 0 7 3 2
15 11 4 1 4 3 2 5 6 7 0
15 7 8 0 6 3 4 5 7 1 2
15 11 4 0 2 3 4 5 6 1 7
15 7 8 5 2 0 3 7 6 1 4
15 7 8 0 6 2 3 5 7 1 4
15 10 5 2 5 3 4 1 6 0 7
15 10 5 5 0 2 4 1 6 3 7
15 11 4 1 2 0 3 5 6 4 7
15 13 2 1 6 3 4 5 2 7 0
15 9 6 5 6 3 4 2 1 7 0
15 5 10 0 1 6 2 5 7 4 3
15 7 8 0 1 6 4 5 7 3 2
15 8 7 5 2 1 3 7 6 0 4
15 8 7 5 2 3 0 7 6 1 4
15 11 4 2 5 3 4 1 6 7 0
15 11 4 5 2 0 4 1 6 3 7
15 12 3 1 2 4 3 5 6 0 7
15 12 3 1 2 3 0 5 6 4 7
15 6 9 1 0 6 2 5 7 4 3
15 8 7 1 0 6 4 5 7 3 2
15 9 6 5 2 3 4 7 6 1 0
15 13 2 1 2 4 3 5 6 7 0
15 7 8 1 6 0 2 5 7 4 3
15 9 6 1 6 0 4 5 7 3 2
15 8 7 1 6 4 2 5 7 0 3
15 8 7 1 6 2 0 5 7 4 3
15 10 5 1 6 3 4 5 7 0 2
15 9 6 1 6 4 2 5 0 7 3
15 9 6 1 6 4 2 5 7 3 0
15 9 6 1 6 2 3 5 7 4 0
15 11 4 1 6 3 4 5 0 7 2
15 11 4 1 6 3 4 5 7 2 0
15 10 5 1 0 4 2 5 6 7 3
15 10 5 1 6 2 3 5 7 0 4
15 12 3 1 0 3 4 5 6 7 2
15 11 4 1 6 2 3 5 0 7 4
15 12 3 1 0 2 3 5 6 7 4
15 13 2 1 2 0 3 5 6 7 4
15 14 1 1 2 3 0 5 6 7 4
