0 0 0 0 7 3 6 2 1 5 4
10 3 7 1 7 3 6 2 0 5 4
11 1 10 2 7 3 6 0 1 5 4
11 1 10 7 0 3 6 2 1 5 4
10 2 8 7 1 3 6 2 0 5 4
11 2 9 6 7 3 0 2 1 5 4
11 2 9 2 7 3 6 1 0 5 4
11 2 9 7 3 0 6 2 1 5 4
10 3 7 7 3 5 6 2 1 0 4
10 3 7 7 3 6 0 2 1 5 4
10 4 6 7 3 5 6 2 1 4 0
11 4 7 7 3 5 6 2 0 1 4
11 4 7 7 3 6 4 2 1 5 0
11 5 6 7 3 5 0 2 1 4 6
12 3 9 4 7 3 6 2 1 5 0
12 4 8 1 7 3 6 0 2 5 4
12 4 8 1 7 3 6 2 5 0 4
12 3 9 2 7 3 6 4 1 5 0
12 3 9 7 1 3 6 0 2 5 4
12 3 9 7 1 3 6 2 5 0 4
12 3 9 6 7 3 4 2 1 5 0
12 3 9 2 0 3 6 1 7 5 4
12 3 9 2 7 3 6 1 5 0 4
12 5 7 0 3 6 7 2 1 5 4
12 5 7 1 7 3 6 2 5 4 0
12 4 8 7 1 3 6 2 5 4 0
12 4 8 0 2 3 6 1 7 5 4
11 5 6 1 2 3 6 0 7 5 4
12 8 4 1 3 6 7 2 0 5 4
12 6 6 1 2 3 6 7 0 5 4
13 4 9 1 0 3 6 2 7 5 4
13 4 9 2 7 3 0 6 1 5 4
12 5 7 2 7 3 4 6 1 5 0
13 3 10 6 7 0 3 2 1 5 4
12 4 8 6 7 5 3 2 1 0 4
12 5 7 6 7 5 3 2 1 4 0
13 6 7 7 3 6 5 2 1 0 4
13 5 8 7 3 5 6 0 2 1 4
13 7 6 0 3 5 7 2 1 4 6
13 4 9 4 7 3 0 2 1 5 6
13 6 7 1 7 3 6 4 2 5 0
13 4 9 2 7 3 0 4 1 5 6
13 4 9 0 1 3 6 7 2 5 4
13 5 8 7 1 3 6 4 2 5 0
13 4 9 2 7 3 6 1 5 4 0
13 6 7 2 3 6 7 0 1 5 4
13 6 7 1 7 3 0 2 5 4 6
13 5 8 7 1 3 0 2 5 4 6
13 6 7 6 2 3 0 1 7 5 4
12 7 5 6 2 3 4 1 7 5 0
13 7 6 4 2 3 6 1 7 5 0
13 7 6 1 2 3 6 4 7 5 0
13 8 5 1 2 3 0 6 7 5 4
12 9 3 1 2 3 4 6 7 5 0
13 7 6 1 2 3 6 7 5 0 4
13 5 8 1 3 0 6 2 7 5 4
12 6 6 1 3 5 6 2 7 0 4
12 6 6 1 3 6 0 2 7 5 4
12 7 5 1 3 5 6 2 7 4 0
13 5 8 6 7 5 3 2 0 1 4
13 7 6 7 3 6 5 2 1 4 0
13 10 3 1 3 5 7 2 0 4 6
13 5 8 1 0 3 6 7 2 5 4
13 7 6 2 3 6 7 1 0 5 4
13 7 6 1 3 5 6 2 0 7 4
13 7 6 1 3 6 4 2 7 5 0
13 8 5 1 3 5 0 2 7 4 6
13 11 2 1 3 5 7 2 4 0 6
