0 0 0 2 1 3 7 5 6 4 0
6 1 5 2 1 3 0 5 6 4 7
6 1 5 2 1 3 7 5 6 0 4
7 4 3 2 1 3 4 5 6 0 7
7 5 2 2 1 3 4 5 6 7 0
8 2 6 2 1 0 3 5 6 4 7
8 2 6 2 1 0 7 5 6 3 4
8 2 6 2 1 3 7 5 0 6 4
8 3 5 2 1 4 3 5 6 0 7
8 3 5 2 1 7 0 5 6 3 4
8 4 4 2 1 4 3 5 6 7 0
8 4 4 2 1 7 4 5 6 3 0
9 2 7 2 1 3 7 0 6 4 5
9 3 6 0 1 3 2 5 6 4 7
9 5 4 2 1 0 4 5 6 3 7
9 5 4 2 1 3 4 5 0 6 7
9 6 3 2 1 3 0 5 6 7 4
9 3 6 0 1 3 7 2 6 4 5
9 4 5 1 0 3 2 5 6 4 7
9 4 5 1 0 3 7 2 6 4 5
9 5 4 1 3 0 7 2 6 4 5
10 3 7 2 0 1 3 5 6 4 7
10 3 7 2 0 1 7 5 6 3 4
10 3 7 2 0 3 7 5 1 6 4
10 3 7 2 1 3 7 0 5 6 4
10 4 6 2 1 4 3 5 0 6 7
10 5 5 2 1 4 0 5 6 7 3
10 5 5 2 1 7 4 5 6 0 3
10 4 6 0 2 1 3 5 6 4 7
10 4 6 0 2 1 7 5 6 3 4
10 4 6 0 2 3 7 5 1 6 4
10 4 6 0 1 3 7 2 5 6 4
10 6 4 2 1 0 4 5 6 7 3
10 5 5 1 0 3 7 2 5 6 4
10 6 4 1 5 3 7 2 0 6 4
10 6 4 1 3 0 7 2 5 6 4
11 3 8 0 1 3 7 5 6 4 2
11 3 8 2 1 0 7 5 6 4 3
11 4 7 2 1 3 5 0 6 4 7
11 5 6 0 1 7 2 5 6 3 4
11 6 5 2 1 7 3 5 6 0 4
11 7 4 2 1 0 3 5 6 7 4
11 3 8 2 1 3 7 6 0 4 5
11 4 7 5 1 3 2 0 6 4 7
11 6 5 2 0 1 4 5 6 3 7
11 6 5 2 1 4 0 5 6 3 7
11 6 5 2 0 3 4 5 1 6 7
11 6 5 2 1 3 4 0 5 6 7
11 5 6 1 6 3 2 5 0 4 7
11 5 6 1 3 0 2 5 6 4 7
11 5 6 1 6 3 7 2 0 4 5
11 6 5 1 3 4 7 2 6 0 5
11 6 5 1 3 7 0 2 6 4 5
11 5 6 2 1 3 7 4 5 6 0
11 7 4 1 2 3 7 5 0 6 4
11 4 7 1 0 3 7 5 6 4 2
11 4 7 2 1 4 7 5 6 0 3
11 4 7 2 1 7 0 5 6 4 3
11 5 6 0 1 3 5 2 6 4 7
11 6 5 1 0 7 2 5 6 3 4
11 4 7 2 1 3 7 6 4 0 5
11 7 4 0 2 1 4 5 6 3 7
11 7 4 0 2 3 4 5 1 6 7
11 6 5 1 3 4 2 5 6 0 7
11 6 5 1 3 2 0 5 6 4 7
11 6 5 1 6 3 7 2 4 0 5
11 7 4 1 3 4 7 2 0 6 5
11 7 4 1 3 4 7 2 6 5 0
11 7 4 1 3 7 5 2 6 4 0
11 8 3 1 2 3 7 5 6 0 4
11 5 6 2 1 4 7 5 6 3 0
11 5 6 2 1 7 3 5 6 4 0
11 6 5 1 0 3 5 2 6 4 7
11 5 6 2 1 3 7 6 4 5 0
11 7 4 1 3 4 2 5 6 7 0
11 7 4 1 6 3 7 2 4 5 0
11 7 4 1 3 0 5 2 6 4 7
11 8 3 1 3 5 0 2 6 4 7
11 9 2 1 3 5 7 2 6 4 0
12 7 5 2 1 3 4 0 6 7 5
12 8 4 0 1 3 4 5 6 7 2
12 5 7 2 0 3 7 1 6 4 5
12 8 4 0 1 3 2 5 6 7 4
12 6 6 5 1 3 7 2 6 4 0
12 4 8 2 6 1 3 5 0 4 7
12 4 8 2 6 1 7 5 0 3 4
12 4 8 2 3 0 7 5 1 6 4
12 5 7 2 0 4 3 5 1 6 7
12 5 7 2 1 4 3 0 5 6 7
12 6 6 2 1 7 4 5 0 6 3
12 5 7 5 2 1 3 0 6 4 7
12 5 7 5 2 1 7 0 6 3 4
12 5 7 5 2 3 7 0 1 6 4
12 7 5 2 0 1 4 5 6 7 3
12 7 5 1 5 3 7 0 2 6 4
12 7 5 1 5 3 7 2 6 0 4
12 7 5 1 3 6 7 2 5 0 4
12 7 5 1 3 7 0 2 5 6 4
12 10 2 1 2 3 4 5 0 6 7
12 9 3 1 3 2 4 5 6 0 7
12 7 5 2 1 3 7 0 4 5 6
12 9 3 1 0 3 4 5 6 7 2
12 6 6 2 3 0 7 1 6 4 5
12 9 3 1 0 3 2 5 6 7 4
12 5 7 2 3 7 0 5 1 6 4
12 6 6 0 2 4 3 5 1 6 7
12 6 6 5 2 3 7 1 0 6 4
12 8 4 0 2 1 4 5 6 7 3
12 8 4 1 5 3 7 2 6 4 0
12 8 4 1 3 6 7 2 0 5 4
12 8 4 1 3 6 7 2 5 4 0
12 11 1 1 2 3 4 5 6 0 7
12 10 2 1 3 2 4 5 6 7 0
12 8 4 0 1 3 7 2 4 5 6
12 6 6 2 3 7 4 5 1 6 0
12 7 5 5 2 3 7 1 6 0 4
