0 0 0 5 2 7 3 6 0 1 4
8 1 7 5 2 7 3 0 6 1 4
9 1 8 5 2 7 3 6 1 0 4
9 2 7 0 2 7 3 5 6 1 4
10 3 7 5 2 7 3 4 6 1 0
10 2 8 5 2 0 3 6 1 7 4
9 3 6 5 2 3 0 6 1 7 4
8 4 4 5 2 3 4 6 1 7 0
10 2 8 5 2 7 3 6 1 4 0
10 4 6 3 2 7 0 5 6 1 4
9 5 4 3 2 7 4 5 6 1 0
10 5 5 4 2 7 3 5 6 1 0
11 1 10 5 0 7 3 6 2 1 4
11 3 8 2 0 7 3 5 6 1 4
11 5 6 5 2 3 4 6 1 0 7
11 6 5 5 2 3 4 0 1 7 6
11 6 5 3 2 7 4 5 6 0 1
11 7 4 5 2 3 4 1 0 7 6
12 4 8 5 2 7 0 3 6 1 4
11 5 6 5 2 7 4 3 6 1 0
12 4 8 5 2 7 3 4 6 0 1
12 3 9 5 0 2 3 6 1 7 4
11 4 7 5 1 2 3 6 0 7 4
11 5 6 5 1 2 3 0 6 7 4
12 7 5 3 2 7 1 5 6 0 4
12 6 6 4 2 7 3 5 6 0 1
12 2 10 0 5 7 3 6 2 1 4
12 2 10 5 7 0 3 6 2 1 4
11 3 8 5 7 1 3 6 2 0 4
11 4 7 5 7 1 3 6 2 4 0
12 4 8 2 6 7 3 5 0 1 4
12 6 6 5 2 3 4 6 0 1 7
12 7 5 0 2 3 4 5 1 7 6
12 7 5 3 2 0 4 5 6 7 1
12 6 6 0 1 2 3 5 6 7 4
12 3 9 5 7 3 0 6 2 1 4
11 4 7 5 7 3 4 6 2 1 0
12 4 8 5 7 1 3 6 0 2 4
12 7 5 5 2 3 4 0 6 1 7
12 10 2 1 2 3 4 5 0 7 6
12 7 5 1 0 2 3 5 6 7 4
12 8 4 1 2 0 3 5 6 7 4
11 9 2 1 2 3 0 5 6 7 4
