0 0 0 4 7 2 6 5 3 1 0
14 1 13 4 7 2 0 5 3 1 6
13 3 10 0 7 2 4 5 3 1 6
15 3 12 0 7 2 6 5 3 1 4
15 4 11 5 7 2 4 0 3 1 6
15 4 11 7 0 2 4 5 3 1 6
15 5 10 7 3 2 4 5 0 1 6
15 5 10 7 2 0 4 5 3 1 6
15 6 9 7 3 2 4 5 1 0 6
15 6 9 7 2 1 4 5 3 0 6
15 7 8 7 3 2 4 5 1 6 0
15 7 8 7 2 1 4 5 0 3 6
15 7 8 7 2 1 4 5 3 6 0
16 1 15 4 7 2 6 5 3 0 1
16 2 14 4 7 0 2 5 3 1 6
16 6 10 3 7 2 4 5 0 1 6
16 6 10 6 7 2 4 5 3 1 0
16 5 11 6 7 2 0 5 3 1 4
16 6 10 5 7 2 4 6 3 1 0
16 10 6 0 3 2 4 5 1 6 7
16 10 6 0 2 1 4 5 3 6 7
16 2 14 4 7 2 6 5 0 3 1
16 3 13 4 7 1 2 5 3 0 6
16 3 13 4 0 7 2 5 3 1 6
16 7 9 3 0 2 4 5 7 1 6
16 7 9 3 7 2 4 5 1 0 6
16 3 13 4 0 2 6 5 7 3 1
16 4 12 4 7 1 2 5 0 3 6
16 4 12 4 7 1 2 5 3 6 0
16 4 12 4 3 7 2 5 0 1 6
16 4 12 0 4 7 2 5 3 1 6
16 8 8 0 3 2 4 5 7 1 6
16 8 8 3 2 0 4 5 7 1 6
16 8 8 3 7 2 4 5 1 6 0
16 4 12 0 4 2 6 5 7 3 1
15 7 8 1 4 2 6 5 7 3 0
15 8 7 1 4 2 0 5 7 3 6
16 4 12 4 2 0 6 5 7 3 1
16 5 11 4 0 1 2 5 7 3 6
16 5 11 4 3 7 2 5 1 0 6
16 9 7 3 2 1 4 5 7 0 6
16 5 11 4 2 3 6 5 7 0 1
16 5 11 4 2 6 0 5 7 3 1
15 7 8 0 2 6 4 5 7 3 1
14 10 4 1 2 6 4 5 7 3 0
16 6 10 0 4 1 2 5 7 3 6
16 6 10 4 1 0 2 5 7 3 6
16 6 10 4 3 0 2 5 1 7 6
16 6 10 4 3 7 2 5 1 6 0
16 10 6 3 2 1 4 5 0 7 6
16 10 6 3 2 1 4 5 7 6 0
16 6 10 4 2 3 6 5 0 7 1
16 6 10 4 2 3 6 5 7 1 0
16 6 10 4 2 6 1 5 7 3 0
16 11 5 1 2 6 0 5 7 3 4
16 11 5 1 2 6 4 5 7 0 3
16 7 9 4 1 3 2 5 7 0 6
16 7 9 4 1 2 0 5 7 3 6
15 9 6 0 1 2 4 5 7 3 6
15 10 5 1 0 2 4 5 7 3 6
15 11 4 1 2 0 4 5 7 3 6
15 12 3 1 2 3 4 5 7 0 6
15 13 2 1 2 3 4 5 0 7 6
15 13 2 1 2 3 4 5 7 6 0
16 7 9 4 0 3 2 5 1 7 6
16 7 9 4 3 2 0 5 1 7 6
15 9 6 0 3 2 4 5 1 7 6
16 7 9 4 2 3 0 5 7 1 6
15 9 6 0 2 3 4 5 7 1 6
16 12 4 1 2 0 4 5 7 6 3
16 12 4 1 2 6 4 5 0 7 3
16 8 8 4 1 3 2 5 0 7 6
16 8 8 4 1 3 2 5 7 6 0
16 8 8 0 4 3 2 5 1 7 6
16 12 4 1 3 2 4 5 0 7 6
17 2 15 4 7 2 6 0 3 1 5
17 4 13 4 7 2 1 5 3 0 6
17 4 13 4 7 2 5 0 3 1 6
17 4 13 5 7 2 6 0 3 1 4
17 4 13 7 0 2 6 5 3 1 4
17 5 12 5 7 2 4 3 0 1 6
17 6 11 7 3 2 4 0 5 1 6
17 6 11 7 2 4 0 5 3 1 6
17 7 10 7 3 0 4 5 1 2 6
17 8 9 7 3 2 0 5 1 6 4
17 8 9 7 0 1 4 5 2 3 6
17 8 9 7 2 1 4 0 5 3 6
17 8 9 7 2 1 0 5 3 6 4
17 13 4 1 3 2 4 5 0 6 7
17 7 10 0 7 1 2 5 3 6 4
17 6 11 2 4 7 0 5 3 1 6
17 6 11 6 4 2 0 5 7 3 1
17 8 9 1 4 2 6 5 7 0 3
17 9 8 1 4 0 2 5 7 3 6
17 8 9 5 2 6 4 0 7 3 1
16 10 6 5 2 6 4 1 7 3 0
17 8 9 2 0 6 4 5 7 3 1
17 8 9 2 4 1 0 5 7 3 6
17 9 8 0 3 7 2 5 1 6 4
17 9 8 0 2 3 6 5 7 1 4
17 9 8 0 2 6 1 5 7 3 4
17 10 7 5 1 2 4 0 7 3 6
17 11 6 1 7 2 4 5 0 3 6
17 12 5 1 2 4 0 5 7 3 6
17 14 3 1 0 3 4 5 2 7 6
17 14 3 1 2 3 4 0 5 7 6
17 14 3 1 2 3 0 5 7 6 4
17 10 7 5 3 2 4 0 1 7 6
17 10 7 3 0 2 4 5 1 7 6
17 10 7 5 2 3 4 0 7 1 6
17 10 7 2 0 3 4 5 7 1 6
17 11 6 0 1 3 2 5 7 6 4
17 10 7 2 4 3 0 5 1 7 6
17 11 6 1 4 3 2 5 0 7 6
17 3 14 0 7 2 6 4 3 1 5
17 5 12 4 7 2 1 5 0 3 6
17 5 12 4 7 2 1 5 3 6 0
17 5 12 0 7 2 5 4 3 1 6
17 5 12 7 3 2 6 5 0 1 4
17 5 12 7 2 0 6 5 3 1 4
17 6 11 5 0 2 4 3 7 1 6
17 6 11 5 7 2 4 3 1 0 6
17 7 10 0 3 2 4 7 5 1 6
17 8 9 7 0 3 4 5 1 2 6
17 9 8 0 7 1 4 5 2 3 6
17 9 8 7 1 0 4 5 2 3 6
17 9 8 0 2 1 4 7 5 3 6
17 14 3 1 3 2 4 5 6 0 7
17 7 10 2 4 0 7 5 3 1 6
17 7 10 6 4 2 1 5 7 3 0
17 9 8 1 4 2 6 5 0 7 3
17 10 7 1 4 3 2 5 7 0 6
17 10 7 1 0 4 2 5 7 3 6
17 9 8 2 6 0 4 5 7 3 1
17 11 6 5 3 2 4 1 0 7 6
17 11 6 3 1 2 4 5 0 7 6
17 11 6 3 2 0 4 5 1 7 6
17 12 5 1 0 3 2 5 7 6 4
17 6 11 4 0 2 1 5 7 3 6
17 6 11 7 3 2 6 5 1 0 4
17 6 11 7 2 1 6 5 3 0 4
17 6 11 7 2 6 0 5 3 1 4
17 7 10 5 2 0 4 3 7 1 6
17 7 10 5 7 2 4 3 1 6 0
17 9 8 7 1 3 4 5 0 2 6
17 9 8 0 7 3 4 5 1 2 6
17 10 7 7 1 3 4 5 2 0 6
17 15 2 1 3 2 4 5 6 7 0
17 8 9 2 4 1 7 5 3 0 6
17 11 6 1 4 3 2 5 7 6 0
17 10 7 2 6 3 4 5 7 0 1
17 7 10 0 4 2 1 5 7 3 6
17 7 10 4 2 0 1 5 7 3 6
17 7 10 7 2 1 6 5 0 3 4
17 7 10 7 2 6 4 5 3 1 0
17 8 9 5 2 1 4 3 7 0 6
17 11 6 7 1 3 4 5 2 6 0
17 9 8 2 4 1 7 5 3 6 0
17 11 6 2 6 3 4 5 0 7 1
17 11 6 2 6 3 4 5 7 1 0
17 8 9 4 2 3 1 5 7 0 6
17 8 9 4 2 1 0 5 7 3 6
16 10 6 0 2 1 4 5 7 3 6
17 9 8 5 2 1 4 3 0 7 6
17 9 8 5 2 1 4 3 7 6 0
17 12 5 2 0 3 4 5 6 7 1
17 9 8 4 2 3 1 5 0 7 6
17 9 8 4 2 3 1 5 7 6 0
17 10 7 5 2 1 4 0 3 7 6
17 13 4 0 2 3 4 5 6 7 1
