0 0 0 4 3 7 5 0 2 1 6
9 1 8 0 3 7 5 4 2 1 6
9 1 8 4 3 7 5 2 0 1 6
9 2 7 4 3 7 5 2 1 0 6
9 3 6 4 3 7 5 2 1 6 0
11 2 9 3 0 7 5 4 2 1 6
11 2 9 4 0 7 5 2 3 1 6
11 3 8 4 3 0 5 2 1 7 6
11 4 7 4 3 7 0 2 1 6 5
11 3 8 0 4 7 5 2 3 1 6
11 4 7 4 3 5 0 2 1 7 6
11 5 6 4 3 0 7 2 1 6 5
12 2 10 4 3 7 5 6 2 1 0
12 3 9 5 3 7 0 4 2 1 6
12 4 8 2 3 7 5 4 0 1 6
12 6 6 0 3 7 5 2 1 6 4
12 6 6 4 3 0 5 2 1 6 7
12 7 5 4 3 5 7 2 1 0 6
12 4 8 5 3 0 7 4 2 1 6
12 5 7 2 3 7 5 0 4 1 6
12 5 7 2 3 7 5 4 1 0 6
12 7 5 4 3 5 0 2 1 6 7
12 8 4 4 3 5 7 2 1 6 0
12 5 7 5 3 1 7 4 2 0 6
12 6 6 0 3 7 5 2 4 1 6
12 6 6 2 3 7 5 4 1 6 0
12 6 6 5 3 1 7 4 2 6 0
13 3 10 3 2 7 5 4 0 1 6
13 3 10 3 7 0 5 4 2 1 6
13 3 10 4 7 0 5 2 3 1 6
13 4 9 4 0 3 5 2 1 7 6
13 4 9 2 4 7 5 0 3 1 6
13 5 8 4 3 5 6 2 1 7 0
13 6 7 4 3 6 7 2 1 0 5
13 6 7 4 0 3 7 2 1 6 5
13 9 4 1 3 7 5 2 0 6 4
13 4 9 3 2 7 5 0 4 1 6
13 4 9 3 2 7 5 4 1 0 6
13 4 9 3 7 1 5 4 2 0 6
13 4 9 3 7 5 0 4 2 1 6
13 4 9 4 7 1 5 2 3 0 6
13 4 9 4 7 5 0 2 3 1 6
13 5 8 4 1 3 5 2 0 7 6
13 5 8 0 4 3 5 2 1 7 6
13 6 7 4 3 5 6 2 1 0 7
13 7 6 4 3 6 7 2 1 5 0
13 7 6 4 1 3 7 2 0 6 5
13 7 6 0 4 3 7 2 1 6 5
13 5 8 3 2 7 5 4 1 6 0
13 5 8 3 7 1 5 4 2 6 0
13 5 8 4 7 1 5 2 3 6 0
14 3 11 4 0 7 5 3 2 1 6
14 3 11 4 3 7 0 5 2 1 6
13 5 8 0 3 7 4 5 2 1 6
14 4 10 6 3 7 5 4 2 1 0
14 5 9 4 3 7 5 0 1 6 2
14 6 8 0 3 7 4 2 1 6 5
14 5 9 5 4 7 0 2 3 1 6
14 6 8 3 4 7 5 2 0 1 6
14 6 8 0 3 5 4 2 1 7 6
14 3 11 4 3 7 0 6 2 1 5
14 3 11 4 3 7 5 6 2 0 1
14 4 10 5 3 7 6 4 2 1 0
14 5 9 2 0 7 5 4 3 1 6
14 7 7 2 3 7 5 0 1 6 4
14 7 7 3 0 7 5 2 1 6 4
14 7 7 4 3 6 5 2 1 0 7
14 7 7 4 0 3 5 2 1 6 7
14 8 6 4 3 0 7 2 1 5 6
14 8 6 4 3 5 7 2 0 1 6
14 5 9 5 0 3 7 4 2 1 6
14 6 8 2 3 0 5 4 1 7 6
14 6 8 5 3 1 7 4 0 2 6
14 7 7 3 0 7 5 2 4 1 6
14 7 7 2 3 7 0 4 1 6 5
14 7 7 5 3 1 0 4 2 6 7
14 8 6 1 4 3 5 2 0 7 6
14 10 4 1 4 3 7 2 0 6 5
14 4 10 0 4 7 5 3 2 1 6
14 4 10 4 3 0 7 5 2 1 6
14 6 8 0 3 7 5 4 1 6 2
14 6 8 4 3 7 5 1 0 6 2
14 6 8 5 4 0 7 2 3 1 6
14 7 7 3 4 7 5 2 1 0 6
14 4 10 4 3 0 7 6 2 1 5
14 8 6 2 3 7 5 1 0 6 4
14 8 6 3 1 7 5 2 0 6 4
14 8 6 4 1 3 5 2 0 6 7
14 8 6 0 4 3 5 2 1 6 7
14 6 8 0 5 3 7 4 2 1 6
14 7 7 2 3 5 0 4 1 7 6
14 7 7 5 3 1 7 0 4 2 6
14 8 6 2 3 0 7 4 1 6 5
14 9 5 1 0 3 5 2 4 7 6
14 11 3 1 0 3 7 2 4 6 5
14 5 9 3 4 7 5 0 2 1 6
14 5 9 4 3 1 7 5 2 0 6
14 7 7 5 4 1 7 2 3 0 6
14 8 6 3 4 7 5 2 1 6 0
14 5 9 4 3 1 7 6 2 0 5
14 10 4 1 3 0 5 2 4 7 6
14 12 2 1 3 0 7 2 4 6 5
14 6 8 4 3 1 7 5 2 6 0
14 8 6 5 4 1 7 2 3 6 0
14 6 8 4 3 1 7 6 2 5 0
14 11 3 1 3 7 5 2 4 0 6
14 11 3 1 3 5 0 2 4 7 6
14 12 2 1 3 7 5 2 4 6 0
15 5 10 0 3 7 5 6 2 1 4
15 5 10 4 3 0 5 6 2 1 7
15 6 9 5 3 7 1 4 2 0 6
15 6 9 5 3 7 4 0 2 1 6
15 8 7 5 3 7 0 2 1 6 4
15 7 8 2 3 7 5 6 4 1 0
15 9 6 0 3 5 4 2 1 6 7
15 11 4 0 3 5 7 2 1 6 4
15 8 7 5 3 7 0 2 4 1 6
15 9 6 2 3 0 5 4 1 6 7
15 8 7 5 3 1 7 0 2 6 4
15 9 6 0 3 1 7 4 2 6 5
15 5 10 2 4 7 5 3 0 1 6
15 7 8 4 3 6 7 2 0 1 5
15 10 5 1 0 7 5 2 3 6 4
15 10 5 1 3 7 5 0 2 6 4
15 10 5 1 3 7 5 2 6 0 4
15 5 10 0 2 7 5 3 4 1 6
15 5 10 3 2 0 5 4 1 7 6
15 5 10 3 7 1 5 4 0 2 6
15 5 10 3 7 5 6 4 2 1 0
15 5 10 4 7 1 5 2 0 3 6
15 5 10 4 7 5 6 2 3 1 0
15 6 9 4 1 3 5 0 2 7 6
15 6 9 4 1 3 5 2 7 0 6
15 6 9 2 4 3 5 0 1 7 6
15 7 8 4 3 0 6 2 1 5 7
15 7 8 4 3 5 6 2 0 1 7
15 8 7 4 3 6 0 2 1 5 7
15 8 7 4 1 3 7 0 2 6 5
15 8 7 4 1 3 7 2 6 0 5
15 8 7 2 4 3 7 0 1 6 5
15 6 9 3 2 7 0 4 1 6 5
15 6 9 3 7 1 0 4 2 6 5
15 6 9 4 7 1 0 2 3 6 5
15 6 9 3 0 7 4 5 2 1 6
15 9 6 1 3 7 4 2 0 6 5
15 9 6 1 3 5 4 2 0 7 6
15 5 10 0 3 7 4 6 2 1 5
15 9 6 0 3 1 5 4 2 6 7
15 9 6 1 3 7 5 4 0 6 2
15 11 4 1 4 3 5 2 0 6 7
15 10 5 2 3 5 7 4 1 0 6
15 8 7 4 3 1 7 0 2 6 5
15 8 7 4 3 1 7 0 2 5 6
15 14 1 1 3 5 7 2 4 0 6
15 6 9 4 3 1 5 6 2 0 7
15 6 9 4 3 5 0 6 2 1 7
15 7 8 5 3 7 1 4 2 6 0
15 9 6 5 3 0 7 2 1 6 4
15 9 6 5 3 0 7 2 4 1 6
15 10 5 2 3 5 0 4 1 6 7
15 9 6 5 3 1 7 2 0 6 4
15 6 9 2 0 7 5 3 4 1 6
15 6 9 2 4 7 5 3 1 0 6
15 11 4 1 3 7 5 2 6 4 0
15 6 9 3 2 5 0 4 1 7 6
15 6 9 3 7 1 5 0 4 2 6
15 7 8 0 1 3 5 4 2 7 6
15 7 8 4 1 3 5 2 7 6 0
15 7 8 2 4 3 5 1 0 7 6
15 9 6 0 1 3 7 4 2 6 5
15 9 6 4 1 3 7 2 6 5 0
15 9 6 2 4 3 7 1 0 6 5
15 7 8 3 2 0 7 4 1 6 5
15 7 8 3 2 7 4 5 0 1 6
15 10 5 1 3 7 5 0 4 6 2
15 12 3 1 0 3 5 2 4 6 7
15 11 4 2 3 5 7 4 1 6 0
15 9 6 4 3 1 7 2 0 6 5
15 9 6 0 3 1 7 4 2 5 6
15 9 6 4 3 1 7 2 0 5 6
