0 0 0 3 0 6 2 7 4 1 5
11 1 10 3 4 6 2 7 0 1 5
12 1 11 0 3 6 2 7 4 1 5
11 2 9 7 3 6 2 0 4 1 5
12 1 11 3 6 0 2 7 4 1 5
11 2 9 3 6 1 2 7 4 0 5
11 3 8 3 6 1 2 7 4 5 0
12 2 10 3 4 6 2 0 7 1 5
12 2 10 3 4 6 2 7 1 0 5
12 3 9 2 3 6 0 7 4 1 5
11 4 7 2 3 6 5 7 4 1 0
12 4 8 5 3 6 2 7 4 1 0
12 4 8 7 3 6 2 5 4 1 0
12 5 7 7 3 6 0 2 4 1 5
11 6 5 7 3 6 5 2 4 1 0
12 2 10 3 6 2 0 7 4 1 5
12 3 9 3 6 1 2 7 0 4 5
12 4 8 3 4 6 2 5 7 1 0
12 3 9 3 4 6 2 7 1 5 0
13 3 10 7 3 6 2 4 0 1 5
13 4 9 3 6 1 0 7 4 5 2
13 3 10 3 4 0 2 7 1 6 5
13 6 7 2 3 6 7 0 4 1 5
13 5 8 2 3 6 5 7 4 0 1
13 6 7 2 3 6 5 0 4 1 7
13 5 8 5 3 6 0 7 4 1 2
13 5 8 7 3 6 0 5 4 1 2
13 7 6 7 3 6 5 2 4 0 1
13 3 10 3 6 2 5 7 4 1 0
13 4 9 3 0 1 2 7 6 4 5
13 4 9 3 6 1 2 0 7 4 5
13 4 9 3 4 2 0 7 1 6 5
13 6 7 3 6 1 2 5 7 4 0
14 4 10 4 3 6 2 7 0 1 5
14 5 9 3 6 1 2 0 4 5 7
14 6 8 2 3 6 1 7 4 0 5
13 7 6 2 3 6 1 7 4 5 0
14 5 9 5 3 6 2 7 4 0 1
14 6 8 5 3 6 2 0 4 1 7
14 5 9 7 3 6 2 5 4 0 1
14 7 7 0 3 6 7 2 4 1 5
14 8 6 7 3 6 1 2 4 0 5
13 9 4 7 3 6 1 2 4 5 0
14 5 9 3 6 2 1 7 4 0 5
14 5 9 3 4 6 2 5 7 0 1
14 4 10 3 4 6 0 7 1 5 2
14 4 10 7 3 6 2 4 1 0 5
13 5 8 7 3 6 2 4 1 5 0
14 7 7 3 6 1 7 0 4 5 2
14 4 10 3 0 4 2 7 1 6 5
13 5 8 3 1 4 2 7 0 6 5
13 6 7 3 1 4 2 7 6 0 5
13 7 6 3 1 4 2 7 6 5 0
14 8 6 2 3 6 7 5 4 1 0
14 6 8 2 3 0 5 7 4 6 1
13 7 6 2 3 5 0 7 4 6 1
12 8 4 2 3 5 1 7 4 6 0
14 7 7 0 3 6 5 2 4 1 7
14 8 6 5 3 6 7 0 4 1 2
14 8 6 7 3 0 5 2 4 6 1
13 9 4 7 3 5 0 2 4 6 1
12 10 2 7 3 5 1 2 4 6 0
14 5 9 0 3 1 2 7 6 4 5
14 5 9 3 1 0 2 7 6 4 5
14 5 9 3 4 2 5 7 1 6 0
14 7 7 3 6 1 2 5 7 0 4
14 10 4 5 3 6 7 2 4 1 0
14 6 8 3 6 2 1 7 4 5 0
14 6 8 3 4 6 2 5 0 7 1
14 6 8 7 3 6 0 4 1 5 2
14 9 5 3 6 1 7 2 4 5 0
14 6 8 3 1 4 2 0 7 6 5
14 10 4 2 3 5 7 0 4 6 1
14 10 4 2 3 5 1 0 4 6 7
14 6 8 3 1 2 0 7 6 4 5
14 8 6 3 6 1 2 5 0 7 4
14 8 6 3 1 4 2 5 7 6 0
14 12 2 2 3 5 7 1 4 6 0
15 3 12 0 4 6 2 3 7 1 5
15 5 10 3 4 6 0 2 7 1 5
14 6 8 3 4 6 5 2 7 1 0
15 4 11 2 3 0 6 7 4 1 5
14 5 9 2 3 1 6 7 4 0 5
13 6 7 2 3 1 6 7 4 5 0
14 7 7 2 3 1 0 7 4 5 6
15 6 9 7 3 0 6 2 4 1 5
14 7 7 7 3 1 6 2 4 0 5
13 8 5 7 3 1 6 2 4 5 0
14 9 5 7 3 1 0 2 4 5 6
15 8 7 7 3 6 5 0 4 1 2
15 4 11 0 6 2 3 7 4 1 5
15 5 10 3 6 2 7 0 4 1 5
15 5 10 3 4 6 0 5 7 1 2
15 5 10 3 4 6 2 0 1 5 7
15 5 10 3 6 0 1 7 4 5 2
14 6 8 3 6 5 1 7 4 0 2
14 7 7 3 6 5 1 7 4 2 0
15 7 8 2 3 6 7 4 0 1 5
15 6 9 2 3 6 5 7 0 4 1
15 7 8 2 3 6 5 4 0 1 7
15 8 7 5 3 6 1 7 4 0 2
15 7 8 0 3 6 7 5 4 1 2
15 8 7 7 3 6 1 5 4 0 2
15 8 7 7 3 6 5 2 0 4 1
15 4 11 3 6 2 5 7 4 0 1
15 5 10 3 6 2 5 0 4 1 7
15 5 10 4 3 6 2 0 7 1 5
15 5 10 4 3 6 2 7 1 0 5
15 6 9 3 6 1 2 4 0 5 7
15 8 7 3 6 1 0 2 4 5 7
15 7 8 2 3 0 1 7 4 6 5
15 9 6 2 3 6 1 0 4 5 7
15 6 9 5 3 0 2 7 4 6 1
15 9 6 5 3 6 0 2 4 1 7
15 6 9 7 3 0 2 5 4 6 1
15 9 6 7 3 0 1 2 4 6 5
15 6 9 3 6 2 1 7 0 4 5
15 6 9 3 4 0 2 5 7 6 1
15 7 8 3 4 6 7 0 1 5 2
15 5 10 7 3 0 2 4 1 6 5
15 5 10 0 3 4 2 7 1 6 5
15 9 6 2 3 5 1 7 4 0 6
15 11 4 0 3 5 7 2 4 6 1
