0 0 0 3 0 6 2 7 4 1 5
15 1 14 0 3 6 2 7 4 1 5
14 3 11 2 3 6 0 7 4 1 5
13 6 7 2 3 6 7 0 4 1 5
13 7 6 0 3 6 7 2 4 1 5
14 4 10 2 3 6 5 7 4 1 0
13 6 7 2 3 6 5 0 4 1 7
13 7 6 0 3 6 5 2 4 1 7
15 2 13 7 3 6 2 0 4 1 5
14 5 9 7 3 6 0 2 4 1 5
14 6 8 7 3 6 5 2 4 1 0
15 7 8 2 3 6 7 4 0 1 5
15 8 7 3 0 6 7 2 4 1 5
15 7 8 2 3 6 5 4 0 1 7
15 8 7 3 0 6 5 2 4 1 7
15 8 7 2 3 6 7 4 1 0 5
15 8 7 2 3 6 5 4 1 0 7
15 9 6 2 3 0 7 4 1 6 5
15 9 6 2 3 6 7 4 1 5 0
15 9 6 2 3 0 5 4 1 6 7
15 10 5 2 3 5 0 4 1 6 7
15 11 4 2 3 5 7 4 1 6 0
16 4 12 2 3 0 6 7 4 1 5
16 8 8 2 3 6 7 5 4 1 0
16 10 6 5 3 6 7 2 4 1 0
16 5 11 2 3 6 5 7 4 0 1
16 9 7 5 3 6 0 2 4 1 7
16 6 10 7 3 0 6 2 4 1 5
16 7 9 7 3 6 5 2 4 0 1
16 5 11 2 3 1 6 7 4 0 5
16 6 10 2 3 0 5 7 4 6 1
16 7 9 7 3 1 6 2 4 0 5
16 8 8 7 3 0 5 2 4 6 1
16 6 10 2 3 1 6 7 4 5 0
15 8 7 2 3 1 6 0 4 5 7
15 9 6 0 3 1 6 2 4 5 7
16 7 9 2 3 5 0 7 4 6 1
15 10 5 2 3 5 7 0 4 6 1
14 12 2 2 3 5 7 1 4 6 0
15 11 4 0 3 5 7 2 4 6 1
